asset,cost_drag_pct,data_ok,fee_bps,fees_usd,max_drawdown_pct,max_drawdown_pct_config,max_position_fraction,risk_denial_rate,risk_denials_count,risk_grid_key,risk_rules_triggered,sharpe_ratio,slippage_bps,slippage_drag_usd,stopped_by_risk,strategy,strategy_family,timeframe,total_return_pct,trade_count,turnover_ratio,verdict,verdict_reasons
BTC,0.0,True,40.0,0.0,0.0,0.1,0.1,1.0,925,pos0.1_dd0.1,['max_position_fraction'],0.0,5.0,0.0,False,trend_following,trend_ema_donchian,1d,0.0,0,0.0,insufficient_trades,['trade_count=0 < 5']
BTC,0.0,True,40.0,0.0,0.0,0.1,0.1,1.0,120,pos0.1_dd0.1,['max_position_fraction'],0.0,5.0,0.0,False,breakout,breakout_atr,1d,0.0,0,0.0,insufficient_trades,['trade_count=0 < 5']
BTC,0.0,True,40.0,0.0,0.0,0.1,0.1,1.0,218,pos0.1_dd0.1,['max_position_fraction'],0.0,5.0,0.0,False,mean_reversion,rsi_bollinger_mr,1d,0.0,0,0.0,insufficient_trades,['trade_count=0 < 5']
BTC,99.99999999999912,True,40.0,1.1514347343060107,15.726635481016485,0.1,0.1,0.7692,10,pos0.1_dd0.1,"['max_drawdown_pct', 'max_position_fraction']",0.2898702263654776,5.0,0.14390188576315666,True,grid,grid,1d,14.568902784950591,3,0.2879,insufficient_trades,['trade_count=3 < 5']
BTC,0.0,True,40.0,0.0,0.0,0.1,0.1,1.0,910,pos0.1_dd0.1,['max_position_fraction'],0.0,5.0,0.0,False,ema_crossover,trend_ema_donchian,1d,0.0,0,0.0,insufficient_trades,['trade_count=0 < 5']
BTC,0.0,True,40.0,0.0,0.0,0.1,0.1,1.0,119,pos0.1_dd0.1,['max_position_fraction'],0.0,5.0,0.0,False,donchian_breakout,trend_ema_donchian,1d,0.0,0,0.0,insufficient_trades,['trade_count=0 < 5']
BTC,0.0,True,40.0,0.0,0.0,0.1,0.1,1.0,190,pos0.1_dd0.1,['max_position_fraction'],0.0,5.0,0.0,False,rsi_mean_reversion,rsi_bollinger_mr,1d,0.0,0,0.0,insufficient_trades,['trade_count=0 < 5']
BTC,0.0,True,40.0,0.0,0.0,0.1,0.1,1.0,87,pos0.1_dd0.1,['max_position_fraction'],0.0,5.0,0.0,False,bollinger_mean_reversion,rsi_bollinger_mr,1d,0.0,0,0.0,insufficient_trades,['trade_count=0 < 5']
BTC,0.0,True,40.0,0.0,0.0,0.1,0.1,1.0,14,pos0.1_dd0.1,['max_position_fraction'],0.0,5.0,0.0,False,atr_breakout,breakout_atr,1d,0.0,0,0.0,insufficient_trades,['trade_count=0 < 5']
BTC,0.0,True,40.0,0.0,0.0,0.1,0.1,1.0,3573,pos0.1_dd0.1,['max_position_fraction'],0.0,5.0,0.0,False,trend_following,trend_ema_donchian,4h,0.0,0,0.0,insufficient_trades,['trade_count=0 < 10']
BTC,0.0,True,40.0,0.0,0.0,0.1,0.1,1.0,322,pos0.1_dd0.1,['max_position_fraction'],0.0,5.0,0.0,False,breakout,breakout_atr,4h,0.0,0,0.0,insufficient_trades,['trade_count=0 < 10']
BTC,0.0,True,40.0,0.0,0.0,0.1,0.1,1.0,712,pos0.1_dd0.1,['max_position_fraction'],0.0,5.0,0.0,False,mean_reversion,rsi_bollinger_mr,4h,0.0,0,0.0,insufficient_trades,['trade_count=0 < 10']
BTC,100.00000000001145,True,40.0,0.32016,14.606053513112705,0.1,0.1,0.6667,2,pos0.1_dd0.1,['max_position_fraction'],0.5796933083315584,5.0,0.03999999999999204,False,grid,grid,4h,15.501380032406246,1,0.08,insufficient_trades,['trade_count=1 < 10']
BTC,0.0,True,40.0,0.0,0.0,0.1,0.1,1.0,3586,pos0.1_dd0.1,['max_position_fraction'],0.0,5.0,0.0,False,ema_crossover,trend_ema_donchian,4h,0.0,0,0.0,insufficient_trades,['trade_count=0 < 10']
BTC,0.0,True,40.0,0.0,0.0,0.1,0.1,1.0,311,pos0.1_dd0.1,['max_position_fraction'],0.0,5.0,0.0,False,donchian_breakout,trend_ema_donchian,4h,0.0,0,0.0,insufficient_trades,['trade_count=0 < 10']
BTC,0.0,True,40.0,0.0,0.0,0.1,0.1,1.0,765,pos0.1_dd0.1,['max_position_fraction'],0.0,5.0,0.0,False,rsi_mean_reversion,rsi_bollinger_mr,4h,0.0,0,0.0,insufficient_trades,['trade_count=0 < 10']
BTC,0.0,True,40.0,0.0,0.0,0.1,0.1,1.0,405,pos0.1_dd0.1,['max_position_fraction'],0.0,5.0,0.0,False,bollinger_mean_reversion,rsi_bollinger_mr,4h,0.0,0,0.0,insufficient_trades,['trade_count=0 < 10']
BTC,0.0,True,40.0,0.0,0.0,0.1,0.1,1.0,38,pos0.1_dd0.1,['max_position_fraction'],0.0,5.0,0.0,False,atr_breakout,breakout_atr,4h,0.0,0,0.0,insufficient_trades,['trade_count=0 < 10']
BTC,0.0,True,40.0,0.0,0.0,0.1,0.1,1.0,9152,pos0.1_dd0.1,['max_position_fraction'],0.0,5.0,0.0,False,trend_following,trend_ema_donchian,1h,0.0,0,0.0,insufficient_trades,['trade_count=0 < 20']
BTC,0.0,True,40.0,0.0,0.0,0.1,0.1,1.0,526,pos0.1_dd0.1,['max_position_fraction'],0.0,5.0,0.0,False,breakout,breakout_atr,1h,0.0,0,0.0,insufficient_trades,['trade_count=0 < 20']
BTC,0.0,True,40.0,0.0,0.0,0.1,0.1,1.0,1690,pos0.1_dd0.1,['max_position_fraction'],0.0,5.0,0.0,False,mean_reversion,rsi_bollinger_mr,1h,0.0,0,0.0,insufficient_trades,['trade_count=0 < 20']
BTC,100.00000000000311,True,40.0,2.125485682708099,6.965532347887934,0.1,0.1,0.1818,2,pos0.1_dd0.1,['max_position_fraction'],0.29015896596100366,5.0,0.2656692261870077,False,grid,grid,1h,2.4145001536543984,9,0.5314,insufficient_trades,['trade_count=9 < 20']
BTC,0.0,True,40.0,0.0,0.0,0.1,0.1,1.0,9190,pos0.1_dd0.1,['max_position_fraction'],0.0,5.0,0.0,False,ema_crossover,trend_ema_donchian,1h,0.0,0,0.0,insufficient_trades,['trade_count=0 < 20']
BTC,0.0,True,40.0,0.0,0.0,0.1,0.1,1.0,519,pos0.1_dd0.1,['max_position_fraction'],0.0,5.0,0.0,False,donchian_breakout,trend_ema_donchian,1h,0.0,0,0.0,insufficient_trades,['trade_count=0 < 20']
BTC,0.0,True,40.0,0.0,0.0,0.1,0.1,1.0,2013,pos0.1_dd0.1,['max_position_fraction'],0.0,5.0,0.0,False,rsi_mean_reversion,rsi_bollinger_mr,1h,0.0,0,0.0,insufficient_trades,['trade_count=0 < 20']
BTC,0.0,True,40.0,0.0,0.0,0.1,0.1,1.0,1127,pos0.1_dd0.1,['max_position_fraction'],0.0,5.0,0.0,False,bollinger_mean_reversion,rsi_bollinger_mr,1h,0.0,0,0.0,insufficient_trades,['trade_count=0 < 20']
BTC,0.0,True,40.0,0.0,0.0,0.1,0.1,1.0,78,pos0.1_dd0.1,['max_position_fraction'],0.0,5.0,0.0,False,atr_breakout,breakout_atr,1h,0.0,0,0.0,insufficient_trades,['trade_count=0 < 20']
ETH,0.0,True,40.0,0.0,0.0,0.1,0.1,1.0,831,pos0.1_dd0.1,['max_position_fraction'],0.0,5.0,0.0,False,trend_following,trend_ema_donchian,1d,0.0,0,0.0,insufficient_trades,['trade_count=0 < 5']
ETH,0.0,True,40.0,0.0,0.0,0.1,0.1,1.0,114,pos0.1_dd0.1,['max_position_fraction'],0.0,5.0,0.0,False,breakout,breakout_atr,1d,0.0,0,0.0,insufficient_trades,['trade_count=0 < 5']
ETH,0.0,True,40.0,0.0,0.0,0.1,0.1,1.0,244,pos0.1_dd0.1,['max_position_fraction'],0.0,5.0,0.0,False,mean_reversion,rsi_bollinger_mr,1d,0.0,0,0.0,insufficient_trades,['trade_count=0 < 5']
ETH,100.00000000000138,True,40.0,3.3470094853933663,21.8027593081188,0.1,0.1,0.1818,2,pos0.1_dd0.1,['max_position_fraction'],0.13148445928846547,5.0,0.4183417425738156,False,grid,grid,1d,6.271179856325147,9,0.8368,blocked_risk,['max_drawdown_pct=21.80']
ETH,0.0,True,40.0,0.0,0.0,0.1,0.1,1.0,842,pos0.1_dd0.1,['max_position_fraction'],0.0,5.0,0.0,False,ema_crossover,trend_ema_donchian,1d,0.0,0,0.0,insufficient_trades,['trade_count=0 < 5']
ETH,0.0,True,40.0,0.0,0.0,0.1,0.1,1.0,111,pos0.1_dd0.1,['max_position_fraction'],0.0,5.0,0.0,False,donchian_breakout,trend_ema_donchian,1d,0.0,0,0.0,insufficient_trades,['trade_count=0 < 5']
ETH,0.0,True,40.0,0.0,0.0,0.1,0.1,1.0,169,pos0.1_dd0.1,['max_position_fraction'],0.0,5.0,0.0,False,rsi_mean_reversion,rsi_bollinger_mr,1d,0.0,0,0.0,insufficient_trades,['trade_count=0 < 5']
ETH,0.0,True,40.0,0.0,0.0,0.1,0.1,1.0,97,pos0.1_dd0.1,['max_position_fraction'],0.0,5.0,0.0,False,bollinger_mean_reversion,rsi_bollinger_mr,1d,0.0,0,0.0,insufficient_trades,['trade_count=0 < 5']
ETH,0.0,True,40.0,0.0,0.0,0.1,0.1,1.0,10,pos0.1_dd0.1,['max_position_fraction'],0.0,5.0,0.0,False,atr_breakout,breakout_atr,1d,0.0,0,0.0,insufficient_trades,['trade_count=0 < 5']
ETH,0.0,True,40.0,0.0,0.0,0.1,0.1,1.0,3246,pos0.1_dd0.1,['max_position_fraction'],0.0,5.0,0.0,False,trend_following,trend_ema_donchian,4h,0.0,0,0.0,insufficient_trades,['trade_count=0 < 10']
ETH,0.0,True,40.0,0.0,0.0,0.1,0.1,1.0,314,pos0.1_dd0.1,['max_position_fraction'],0.0,5.0,0.0,False,breakout,breakout_atr,4h,0.0,0,0.0,insufficient_trades,['trade_count=0 < 10']
ETH,0.0,True,40.0,0.0,0.0,0.1,0.1,1.0,712,pos0.1_dd0.1,['max_position_fraction'],0.0,5.0,0.0,False,mean_reversion,rsi_bollinger_mr,4h,0.0,0,0.0,insufficient_trades,['trade_count=0 < 10']
ETH,100.00000000001334,True,40.0,1.5575591740180308,13.402428868685037,0.1,0.1,0.4444,4,pos0.1_dd0.1,"['max_drawdown_pct', 'max_position_fraction']",0.12156091813813838,5.0,0.1946729541489276,True,grid,grid,4h,2.0623296432273945,5,0.3894,insufficient_trades,['trade_count=5 < 10']
ETH,0.0,True,40.0,0.0,0.0,0.1,0.1,1.0,3146,pos0.1_dd0.1,['max_position_fraction'],0.0,5.0,0.0,False,ema_crossover,trend_ema_donchian,4h,0.0,0,0.0,insufficient_trades,['trade_count=0 < 10']
ETH,0.0,True,40.0,0.0,0.0,0.1,0.1,1.0,305,pos0.1_dd0.1,['max_position_fraction'],0.0,5.0,0.0,False,donchian_breakout,trend_ema_donchian,4h,0.0,0,0.0,insufficient_trades,['trade_count=0 < 10']
ETH,0.0,True,40.0,0.0,0.0,0.1,0.1,1.0,878,pos0.1_dd0.1,['max_position_fraction'],0.0,5.0,0.0,False,rsi_mean_reversion,rsi_bollinger_mr,4h,0.0,0,0.0,insufficient_trades,['trade_count=0 < 10']
ETH,0.0,True,40.0,0.0,0.0,0.1,0.1,1.0,401,pos0.1_dd0.1,['max_position_fraction'],0.0,5.0,0.0,False,bollinger_mean_reversion,rsi_bollinger_mr,4h,0.0,0,0.0,insufficient_trades,['trade_count=0 < 10']
ETH,0.0,True,40.0,0.0,0.0,0.1,0.1,1.0,37,pos0.1_dd0.1,['max_position_fraction'],0.0,5.0,0.0,False,atr_breakout,breakout_atr,4h,0.0,0,0.0,insufficient_trades,['trade_count=0 < 10']
ETH,0.0,True,40.0,0.0,0.0,0.1,0.1,1.0,8960,pos0.1_dd0.1,['max_position_fraction'],0.0,5.0,0.0,False,trend_following,trend_ema_donchian,1h,0.0,0,0.0,insufficient_trades,['trade_count=0 < 20']
ETH,0.0,True,40.0,0.0,0.0,0.1,0.1,1.0,494,pos0.1_dd0.1,['max_position_fraction'],0.0,5.0,0.0,False,breakout,breakout_atr,1h,0.0,0,0.0,insufficient_trades,['trade_count=0 < 20']
ETH,0.0,True,40.0,0.0,0.0,0.1,0.1,1.0,1640,pos0.1_dd0.1,['max_position_fraction'],0.0,5.0,0.0,False,mean_reversion,rsi_bollinger_mr,1h,0.0,0,0.0,insufficient_trades,['trade_count=0 < 20']
ETH,99.99999999999699,True,40.0,4.888651225744195,11.404133642820602,0.1,0.1,0.087,2,pos0.1_dd0.1,['max_position_fraction'],0.056246596623767194,5.0,0.611061809970515,False,grid,grid,1h,0.3186997507584465,21,1.2222,blocked_costs,['cost_drag_pct=100.00']
ETH,0.0,True,40.0,0.0,0.0,0.1,0.1,1.0,8585,pos0.1_dd0.1,['max_position_fraction'],0.0,5.0,0.0,False,ema_crossover,trend_ema_donchian,1h,0.0,0,0.0,insufficient_trades,['trade_count=0 < 20']
ETH,0.0,True,40.0,0.0,0.0,0.1,0.1,1.0,491,pos0.1_dd0.1,['max_position_fraction'],0.0,5.0,0.0,False,donchian_breakout,trend_ema_donchian,1h,0.0,0,0.0,insufficient_trades,['trade_count=0 < 20']
ETH,0.0,True,40.0,0.0,0.0,0.1,0.1,1.0,2206,pos0.1_dd0.1,['max_position_fraction'],0.0,5.0,0.0,False,rsi_mean_reversion,rsi_bollinger_mr,1h,0.0,0,0.0,insufficient_trades,['trade_count=0 < 20']
ETH,0.0,True,40.0,0.0,0.0,0.1,0.1,1.0,1118,pos0.1_dd0.1,['max_position_fraction'],0.0,5.0,0.0,False,bollinger_mean_reversion,rsi_bollinger_mr,1h,0.0,0,0.0,insufficient_trades,['trade_count=0 < 20']
ETH,0.0,True,40.0,0.0,0.0,0.1,0.1,1.0,58,pos0.1_dd0.1,['max_position_fraction'],0.0,5.0,0.0,False,atr_breakout,breakout_atr,1h,0.0,0,0.0,insufficient_trades,['trade_count=0 < 20']
SOL,0.0,True,40.0,0.0,0.0,0.1,0.1,1.0,840,pos0.1_dd0.1,['max_position_fraction'],0.0,5.0,0.0,False,trend_following,trend_ema_donchian,1d,0.0,0,0.0,insufficient_trades,['trade_count=0 < 5']
SOL,0.0,True,40.0,0.0,0.0,0.1,0.1,1.0,119,pos0.1_dd0.1,['max_position_fraction'],0.0,5.0,0.0,False,breakout,breakout_atr,1d,0.0,0,0.0,insufficient_trades,['trade_count=0 < 5']
SOL,0.0,True,40.0,0.0,0.0,0.1,0.1,1.0,254,pos0.1_dd0.1,['max_position_fraction'],0.0,5.0,0.0,False,mean_reversion,rsi_bollinger_mr,1d,0.0,0,0.0,insufficient_trades,['trade_count=0 < 5']
SOL,100.00000000000043,True,40.0,0.4002,46.13409636548179,0.1,0.1,0.9091,10,pos0.1_dd0.1,"['max_drawdown_pct', 'max_position_fraction']",0.20870998693247503,5.0,0.04999999999999716,True,grid,grid,1d,17.169764446864384,1,0.1001,insufficient_trades,['trade_count=1 < 5']
SOL,0.0,True,40.0,0.0,0.0,0.1,0.1,1.0,845,pos0.1_dd0.1,['max_position_fraction'],0.0,5.0,0.0,False,ema_crossover,trend_ema_donchian,1d,0.0,0,0.0,insufficient_trades,['trade_count=0 < 5']
SOL,0.0,True,40.0,0.0,0.0,0.1,0.1,1.0,115,pos0.1_dd0.1,['max_position_fraction'],0.0,5.0,0.0,False,donchian_breakout,trend_ema_donchian,1d,0.0,0,0.0,insufficient_trades,['trade_count=0 < 5']
SOL,0.0,True,40.0,0.0,0.0,0.1,0.1,1.0,202,pos0.1_dd0.1,['max_position_fraction'],0.0,5.0,0.0,False,rsi_mean_reversion,rsi_bollinger_mr,1d,0.0,0,0.0,insufficient_trades,['trade_count=0 < 5']
SOL,0.0,True,40.0,0.0,0.0,0.1,0.1,1.0,101,pos0.1_dd0.1,['max_position_fraction'],0.0,5.0,0.0,False,bollinger_mean_reversion,rsi_bollinger_mr,1d,0.0,0,0.0,insufficient_trades,['trade_count=0 < 5']
SOL,0.0,True,40.0,0.0,0.0,0.1,0.1,1.0,7,pos0.1_dd0.1,['max_position_fraction'],0.0,5.0,0.0,False,atr_breakout,breakout_atr,1d,0.0,0,0.0,insufficient_trades,['trade_count=0 < 5']
SOL,0.0,True,40.0,0.0,0.0,0.1,0.1,1.0,3346,pos0.1_dd0.1,['max_position_fraction'],0.0,5.0,0.0,False,trend_following,trend_ema_donchian,4h,0.0,0,0.0,insufficient_trades,['trade_count=0 < 10']
SOL,0.0,True,40.0,0.0,0.0,0.1,0.1,1.0,348,pos0.1_dd0.1,['max_position_fraction'],0.0,5.0,0.0,False,breakout,breakout_atr,4h,0.0,0,0.0,insufficient_trades,['trade_count=0 < 10']
SOL,0.0,True,40.0,0.0,0.0,0.1,0.1,1.0,780,pos0.1_dd0.1,['max_position_fraction'],0.0,5.0,0.0,False,mean_reversion,rsi_bollinger_mr,4h,0.0,0,0.0,insufficient_trades,['trade_count=0 < 10']
SOL,100.00000000000513,True,40.0,1.8333238349876302,2.1151076100074846,0.1,0.1,0.25,2,pos0.1_dd0.1,['max_position_fraction'],-0.978514254549689,5.0,0.22916072496350637,False,grid,grid,4h,-2.1080124202138903,6,0.4583,insufficient_trades,['trade_count=6 < 10']
SOL,0.0,True,40.0,0.0,0.0,0.1,0.1,1.0,3371,pos0.1_dd0.1,['max_position_fraction'],0.0,5.0,0.0,False,ema_crossover,trend_ema_donchian,4h,0.0,0,0.0,insufficient_trades,['trade_count=0 < 10']
SOL,0.0,True,40.0,0.0,0.0,0.1,0.1,1.0,344,pos0.1_dd0.1,['max_position_fraction'],0.0,5.0,0.0,False,donchian_breakout,trend_ema_donchian,4h,0.0,0,0.0,insufficient_trades,['trade_count=0 < 10']
SOL,0.0,True,40.0,0.0,0.0,0.1,0.1,1.0,812,pos0.1_dd0.1,['max_position_fraction'],0.0,5.0,0.0,False,rsi_mean_reversion,rsi_bollinger_mr,4h,0.0,0,0.0,insufficient_trades,['trade_count=0 < 10']
SOL,0.0,True,40.0,0.0,0.0,0.1,0.1,1.0,391,pos0.1_dd0.1,['max_position_fraction'],0.0,5.0,0.0,False,bollinger_mean_reversion,rsi_bollinger_mr,4h,0.0,0,0.0,insufficient_trades,['trade_count=0 < 10']
SOL,0.0,True,40.0,0.0,0.0,0.1,0.1,1.0,34,pos0.1_dd0.1,['max_position_fraction'],0.0,5.0,0.0,False,atr_breakout,breakout_atr,4h,0.0,0,0.0,insufficient_trades,['trade_count=0 < 10']
SOL,0.0,True,40.0,0.0,0.0,0.1,0.1,1.0,8679,pos0.1_dd0.1,['max_position_fraction'],0.0,5.0,0.0,False,trend_following,trend_ema_donchian,1h,0.0,0,0.0,insufficient_trades,['trade_count=0 < 20']
SOL,0.0,True,40.0,0.0,0.0,0.1,0.1,1.0,520,pos0.1_dd0.1,['max_position_fraction'],0.0,5.0,0.0,False,breakout,breakout_atr,1h,0.0,0,0.0,insufficient_trades,['trade_count=0 < 20']
SOL,0.0,True,40.0,0.0,0.0,0.1,0.1,1.0,1728,pos0.1_dd0.1,['max_position_fraction'],0.0,5.0,0.0,False,mean_reversion,rsi_bollinger_mr,1h,0.0,0,0.0,insufficient_trades,['trade_count=0 < 20']
SOL,100.00000000000118,True,40.0,5.3838883527456005,10.107674245551125,0.1,0.1,0.1481,4,pos0.1_dd0.1,"['max_drawdown_pct', 'max_position_fraction', 'max_trades_per_day']",-0.10323736234116122,5.0,0.6729673252481376,True,grid,grid,1h,-1.9873494269283698,23,1.346,blocked_risk,['safety_stop']
SOL,0.0,True,40.0,0.0,0.0,0.1,0.1,1.0,8416,pos0.1_dd0.1,['max_position_fraction'],0.0,5.0,0.0,False,ema_crossover,trend_ema_donchian,1h,0.0,0,0.0,insufficient_trades,['trade_count=0 < 20']
SOL,0.0,True,40.0,0.0,0.0,0.1,0.1,1.0,514,pos0.1_dd0.1,['max_position_fraction'],0.0,5.0,0.0,False,donchian_breakout,trend_ema_donchian,1h,0.0,0,0.0,insufficient_trades,['trade_count=0 < 20']
SOL,0.0,True,40.0,0.0,0.0,0.1,0.1,1.0,2189,pos0.1_dd0.1,['max_position_fraction'],0.0,5.0,0.0,False,rsi_mean_reversion,rsi_bollinger_mr,1h,0.0,0,0.0,insufficient_trades,['trade_count=0 < 20']
SOL,0.0,True,40.0,0.0,0.0,0.1,0.1,1.0,1137,pos0.1_dd0.1,['max_position_fraction'],0.0,5.0,0.0,False,bollinger_mean_reversion,rsi_bollinger_mr,1h,0.0,0,0.0,insufficient_trades,['trade_count=0 < 20']
SOL,0.0,True,40.0,0.0,0.0,0.1,0.1,1.0,44,pos0.1_dd0.1,['max_position_fraction'],0.0,5.0,0.0,False,atr_breakout,breakout_atr,1h,0.0,0,0.0,insufficient_trades,['trade_count=0 < 20']
BTC,0.0,True,40.0,0.0,0.0,0.15,0.1,1.0,925,pos0.1_dd0.15,['max_position_fraction'],0.0,5.0,0.0,False,trend_following,trend_ema_donchian,1d,0.0,0,0.0,insufficient_trades,['trade_count=0 < 5']
BTC,0.0,True,40.0,0.0,0.0,0.15,0.1,1.0,120,pos0.1_dd0.15,['max_position_fraction'],0.0,5.0,0.0,False,breakout,breakout_atr,1d,0.0,0,0.0,insufficient_trades,['trade_count=0 < 5']
BTC,0.0,True,40.0,0.0,0.0,0.15,0.1,1.0,218,pos0.1_dd0.15,['max_position_fraction'],0.0,5.0,0.0,False,mean_reversion,rsi_bollinger_mr,1d,0.0,0,0.0,insufficient_trades,['trade_count=0 < 5']
BTC,99.99999999999787,True,40.0,4.195440090807181,23.04982846084897,0.15,0.1,0.1538,2,pos0.1_dd0.15,['max_position_fraction'],0.4273133342284884,5.0,0.5243980608852752,False,grid,grid,1d,33.63785204240776,11,1.0489,blocked_risk,"['max_drawdown_pct=23.05', 'grid_max_inventory']"
BTC,0.0,True,40.0,0.0,0.0,0.15,0.1,1.0,910,pos0.1_dd0.15,['max_position_fraction'],0.0,5.0,0.0,False,ema_crossover,trend_ema_donchian,1d,0.0,0,0.0,insufficient_trades,['trade_count=0 < 5']
BTC,0.0,True,40.0,0.0,0.0,0.15,0.1,1.0,119,pos0.1_dd0.15,['max_position_fraction'],0.0,5.0,0.0,False,donchian_breakout,trend_ema_donchian,1d,0.0,0,0.0,insufficient_trades,['trade_count=0 < 5']
BTC,0.0,True,40.0,0.0,0.0,0.15,0.1,1.0,190,pos0.1_dd0.15,['max_position_fraction'],0.0,5.0,0.0,False,rsi_mean_reversion,rsi_bollinger_mr,1d,0.0,0,0.0,insufficient_trades,['trade_count=0 < 5']
BTC,0.0,True,40.0,0.0,0.0,0.15,0.1,1.0,87,pos0.1_dd0.15,['max_position_fraction'],0.0,5.0,0.0,False,bollinger_mean_reversion,rsi_bollinger_mr,1d,0.0,0,0.0,insufficient_trades,['trade_count=0 < 5']
BTC,0.0,True,40.0,0.0,0.0,0.15,0.1,1.0,14,pos0.1_dd0.15,['max_position_fraction'],0.0,5.0,0.0,False,atr_breakout,breakout_atr,1d,0.0,0,0.0,insufficient_trades,['trade_count=0 < 5']
BTC,0.0,True,40.0,0.0,0.0,0.15,0.1,1.0,3573,pos0.1_dd0.15,['max_position_fraction'],0.0,5.0,0.0,False,trend_following,trend_ema_donchian,4h,0.0,0,0.0,insufficient_trades,['trade_count=0 < 10']
BTC,0.0,True,40.0,0.0,0.0,0.15,0.1,1.0,322,pos0.1_dd0.15,['max_position_fraction'],0.0,5.0,0.0,False,breakout,breakout_atr,4h,0.0,0,0.0,insufficient_trades,['trade_count=0 < 10']
BTC,0.0,True,40.0,0.0,0.0,0.15,0.1,1.0,712,pos0.1_dd0.15,['max_position_fraction'],0.0,5.0,0.0,False,mean_reversion,rsi_bollinger_mr,4h,0.0,0,0.0,insufficient_trades,['trade_count=0 < 10']
BTC,100.00000000001145,True,40.0,0.32016,14.606053513112705,0.15,0.1,0.6667,2,pos0.1_dd0.15,['max_position_fraction'],0.5796933083315584,5.0,0.03999999999999204,False,grid,grid,4h,15.501380032406246,1,0.08,insufficient_trades,['trade_count=1 < 10']
BTC,0.0,True,40.0,0.0,0.0,0.15,0.1,1.0,3586,pos0.1_dd0.15,['max_position_fraction'],0.0,5.0,0.0,False,ema_crossover,trend_ema_donchian,4h,0.0,0,0.0,insufficient_trades,['trade_count=0 < 10']
BTC,0.0,True,40.0,0.0,0.0,0.15,0.1,1.0,311,pos0.1_dd0.15,['max_position_fraction'],0.0,5.0,0.0,False,donchian_breakout,trend_ema_donchian,4h,0.0,0,0.0,insufficient_trades,['trade_count=0 < 10']
BTC,0.0,True,40.0,0.0,0.0,0.15,0.1,1.0,765,pos0.1_dd0.15,['max_position_fraction'],0.0,5.0,0.0,False,rsi_mean_reversion,rsi_bollinger_mr,4h,0.0,0,0.0,insufficient_trades,['trade_count=0 < 10']
BTC,0.0,True,40.0,0.0,0.0,0.15,0.1,1.0,405,pos0.1_dd0.15,['max_position_fraction'],0.0,5.0,0.0,False,bollinger_mean_reversion,rsi_bollinger_mr,4h,0.0,0,0.0,insufficient_trades,['trade_count=0 < 10']
BTC,0.0,True,40.0,0.0,0.0,0.15,0.1,1.0,38,pos0.1_dd0.15,['max_position_fraction'],0.0,5.0,0.0,False,atr_breakout,breakout_atr,4h,0.0,0,0.0,insufficient_trades,['trade_count=0 < 10']
BTC,0.0,True,40.0,0.0,0.0,0.15,0.1,1.0,9152,pos0.1_dd0.15,['max_position_fraction'],0.0,5.0,0.0,False,trend_following,trend_ema_donchian,1h,0.0,0,0.0,insufficient_trades,['trade_count=0 < 20']
BTC,0.0,True,40.0,0.0,0.0,0.15,0.1,1.0,526,pos0.1_dd0.15,['max_position_fraction'],0.0,5.0,0.0,False,breakout,breakout_atr,1h,0.0,0,0.0,insufficient_trades,['trade_count=0 < 20']
BTC,0.0,True,40.0,0.0,0.0,0.15,0.1,1.0,1690,pos0.1_dd0.15,['max_position_fraction'],0.0,5.0,0.0,False,mean_reversion,rsi_bollinger_mr,1h,0.0,0,0.0,insufficient_trades,['trade_count=0 < 20']
BTC,100.00000000000311,True,40.0,2.125485682708099,6.965532347887934,0.15,0.1,0.1818,2,pos0.1_dd0.15,['max_position_fraction'],0.29015896596100366,5.0,0.2656692261870077,False,grid,grid,1h,2.4145001536543984,9,0.5314,insufficient_trades,['trade_count=9 < 20']
BTC,0.0,True,40.0,0.0,0.0,0.15,0.1,1.0,9190,pos0.1_dd0.15,['max_position_fraction'],0.0,5.0,0.0,False,ema_crossover,trend_ema_donchian,1h,0.0,0,0.0,insufficient_trades,['trade_count=0 < 20']
BTC,0.0,True,40.0,0.0,0.0,0.15,0.1,1.0,519,pos0.1_dd0.15,['max_position_fraction'],0.0,5.0,0.0,False,donchian_breakout,trend_ema_donchian,1h,0.0,0,0.0,insufficient_trades,['trade_count=0 < 20']
BTC,0.0,True,40.0,0.0,0.0,0.15,0.1,1.0,2013,pos0.1_dd0.15,['max_position_fraction'],0.0,5.0,0.0,False,rsi_mean_reversion,rsi_bollinger_mr,1h,0.0,0,0.0,insufficient_trades,['trade_count=0 < 20']
BTC,0.0,True,40.0,0.0,0.0,0.15,0.1,1.0,1127,pos0.1_dd0.15,['max_position_fraction'],0.0,5.0,0.0,False,bollinger_mean_reversion,rsi_bollinger_mr,1h,0.0,0,0.0,insufficient_trades,['trade_count=0 < 20']
BTC,0.0,True,40.0,0.0,0.0,0.15,0.1,1.0,78,pos0.1_dd0.15,['max_position_fraction'],0.0,5.0,0.0,False,atr_breakout,breakout_atr,1h,0.0,0,0.0,insufficient_trades,['trade_count=0 < 20']
ETH,0.0,True,40.0,0.0,0.0,0.15,0.1,1.0,831,pos0.1_dd0.15,['max_position_fraction'],0.0,5.0,0.0,False,trend_following,trend_ema_donchian,1d,0.0,0,0.0,insufficient_trades,['trade_count=0 < 5']
ETH,0.0,True,40.0,0.0,0.0,0.15,0.1,1.0,114,pos0.1_dd0.15,['max_position_fraction'],0.0,5.0,0.0,False,breakout,breakout_atr,1d,0.0,0,0.0,insufficient_trades,['trade_count=0 < 5']
ETH,0.0,True,40.0,0.0,0.0,0.15,0.1,1.0,244,pos0.1_dd0.15,['max_position_fraction'],0.0,5.0,0.0,False,mean_reversion,rsi_bollinger_mr,1d,0.0,0,0.0,insufficient_trades,['trade_count=0 < 5']
ETH,100.00000000000138,True,40.0,3.3470094853933663,21.8027593081188,0.15,0.1,0.1818,2,pos0.1_dd0.15,['max_position_fraction'],0.13148445928846547,5.0,0.4183417425738156,False,grid,grid,1d,6.271179856325147,9,0.8368,blocked_risk,['max_drawdown_pct=21.80']
ETH,0.0,True,40.0,0.0,0.0,0.15,0.1,1.0,842,pos0.1_dd0.15,['max_position_fraction'],0.0,5.0,0.0,False,ema_crossover,trend_ema_donchian,1d,0.0,0,0.0,insufficient_trades,['trade_count=0 < 5']
ETH,0.0,True,40.0,0.0,0.0,0.15,0.1,1.0,111,pos0.1_dd0.15,['max_position_fraction'],0.0,5.0,0.0,False,donchian_breakout,trend_ema_donchian,1d,0.0,0,0.0,insufficient_trades,['trade_count=0 < 5']
ETH,0.0,True,40.0,0.0,0.0,0.15,0.1,1.0,169,pos0.1_dd0.15,['max_position_fraction'],0.0,5.0,0.0,False,rsi_mean_reversion,rsi_bollinger_mr,1d,0.0,0,0.0,insufficient_trades,['trade_count=0 < 5']
ETH,0.0,True,40.0,0.0,0.0,0.15,0.1,1.0,97,pos0.1_dd0.15,['max_position_fraction'],0.0,5.0,0.0,False,bollinger_mean_reversion,rsi_bollinger_mr,1d,0.0,0,0.0,insufficient_trades,['trade_count=0 < 5']
ETH,0.0,True,40.0,0.0,0.0,0.15,0.1,1.0,10,pos0.1_dd0.15,['max_position_fraction'],0.0,5.0,0.0,False,atr_breakout,breakout_atr,1d,0.0,0,0.0,insufficient_trades,['trade_count=0 < 5']
ETH,0.0,True,40.0,0.0,0.0,0.15,0.1,1.0,3246,pos0.1_dd0.15,['max_position_fraction'],0.0,5.0,0.0,False,trend_following,trend_ema_donchian,4h,0.0,0,0.0,insufficient_trades,['trade_count=0 < 10']
ETH,0.0,True,40.0,0.0,0.0,0.15,0.1,1.0,314,pos0.1_dd0.15,['max_position_fraction'],0.0,5.0,0.0,False,breakout,breakout_atr,4h,0.0,0,0.0,insufficient_trades,['trade_count=0 < 10']
ETH,0.0,True,40.0,0.0,0.0,0.15,0.1,1.0,712,pos0.1_dd0.15,['max_position_fraction'],0.0,5.0,0.0,False,mean_reversion,rsi_bollinger_mr,4h,0.0,0,0.0,insufficient_trades,['trade_count=0 < 10']
ETH,100.00000000001367,True,40.0,2.1750240260585594,14.223746207484853,0.15,0.1,0.2222,2,pos0.1_dd0.15,['max_position_fraction'],0.1359291517205991,5.0,0.27185522578082555,False,grid,grid,4h,2.4812387371746807,7,0.5438,insufficient_trades,['trade_count=7 < 10']
ETH,0.0,True,40.0,0.0,0.0,0.15,0.1,1.0,3146,pos0.1_dd0.15,['max_position_fraction'],0.0,5.0,0.0,False,ema_crossover,trend_ema_donchian,4h,0.0,0,0.0,insufficient_trades,['trade_count=0 < 10']
ETH,0.0,True,40.0,0.0,0.0,0.15,0.1,1.0,305,pos0.1_dd0.15,['max_position_fraction'],0.0,5.0,0.0,False,donchian_breakout,trend_ema_donchian,4h,0.0,0,0.0,insufficient_trades,['trade_count=0 < 10']
ETH,0.0,True,40.0,0.0,0.0,0.15,0.1,1.0,878,pos0.1_dd0.15,['max_position_fraction'],0.0,5.0,0.0,False,rsi_mean_reversion,rsi_bollinger_mr,4h,0.0,0,0.0,insufficient_trades,['trade_count=0 < 10']
ETH,0.0,True,40.0,0.0,0.0,0.15,0.1,1.0,401,pos0.1_dd0.15,['max_position_fraction'],0.0,5.0,0.0,False,bollinger_mean_reversion,rsi_bollinger_mr,4h,0.0,0,0.0,insufficient_trades,['trade_count=0 < 10']
ETH,0.0,True,40.0,0.0,0.0,0.15,0.1,1.0,37,pos0.1_dd0.15,['max_position_fraction'],0.0,5.0,0.0,False,atr_breakout,breakout_atr,4h,0.0,0,0.0,insufficient_trades,['trade_count=0 < 10']
ETH,0.0,True,40.0,0.0,0.0,0.15,0.1,1.0,8960,pos0.1_dd0.15,['max_position_fraction'],0.0,5.0,0.0,False,trend_following,trend_ema_donchian,1h,0.0,0,0.0,insufficient_trades,['trade_count=0 < 20']
ETH,0.0,True,40.0,0.0,0.0,0.15,0.1,1.0,494,pos0.1_dd0.15,['max_position_fraction'],0.0,5.0,0.0,False,breakout,breakout_atr,1h,0.0,0,0.0,insufficient_trades,['trade_count=0 < 20']
ETH,0.0,True,40.0,0.0,0.0,0.15,0.1,1.0,1640,pos0.1_dd0.15,['max_position_fraction'],0.0,5.0,0.0,False,mean_reversion,rsi_bollinger_mr,1h,0.0,0,0.0,insufficient_trades,['trade_count=0 < 20']
ETH,99.99999999999699,True,40.0,4.888651225744195,11.404133642820602,0.15,0.1,0.087,2,pos0.1_dd0.15,['max_position_fraction'],0.056246596623767194,5.0,0.611061809970515,False,grid,grid,1h,0.3186997507584465,21,1.2222,blocked_costs,['cost_drag_pct=100.00']
ETH,0.0,True,40.0,0.0,0.0,0.15,0.1,1.0,8585,pos0.1_dd0.15,['max_position_fraction'],0.0,5.0,0.0,False,ema_crossover,trend_ema_donchian,1h,0.0,0,0.0,insufficient_trades,['trade_count=0 < 20']
ETH,0.0,True,40.0,0.0,0.0,0.15,0.1,1.0,491,pos0.1_dd0.15,['max_position_fraction'],0.0,5.0,0.0,False,donchian_breakout,trend_ema_donchian,1h,0.0,0,0.0,insufficient_trades,['trade_count=0 < 20']
ETH,0.0,True,40.0,0.0,0.0,0.15,0.1,1.0,2206,pos0.1_dd0.15,['max_position_fraction'],0.0,5.0,0.0,False,rsi_mean_reversion,rsi_bollinger_mr,1h,0.0,0,0.0,insufficient_trades,['trade_count=0 < 20']
ETH,0.0,True,40.0,0.0,0.0,0.15,0.1,1.0,1118,pos0.1_dd0.15,['max_position_fraction'],0.0,5.0,0.0,False,bollinger_mean_reversion,rsi_bollinger_mr,1h,0.0,0,0.0,insufficient_trades,['trade_count=0 < 20']
ETH,0.0,True,40.0,0.0,0.0,0.15,0.1,1.0,58,pos0.1_dd0.15,['max_position_fraction'],0.0,5.0,0.0,False,atr_breakout,breakout_atr,1h,0.0,0,0.0,insufficient_trades,['trade_count=0 < 20']
SOL,0.0,True,40.0,0.0,0.0,0.15,0.1,1.0,840,pos0.1_dd0.15,['max_position_fraction'],0.0,5.0,0.0,False,trend_following,trend_ema_donchian,1d,0.0,0,0.0,insufficient_trades,['trade_count=0 < 5']
SOL,0.0,True,40.0,0.0,0.0,0.15,0.1,1.0,119,pos0.1_dd0.15,['max_position_fraction'],0.0,5.0,0.0,False,breakout,breakout_atr,1d,0.0,0,0.0,insufficient_trades,['trade_count=0 < 5']
SOL,0.0,True,40.0,0.0,0.0,0.15,0.1,1.0,254,pos0.1_dd0.15,['max_position_fraction'],0.0,5.0,0.0,False,mean_reversion,rsi_bollinger_mr,1d,0.0,0,0.0,insufficient_trades,['trade_count=0 < 5']
SOL,100.00000000000043,True,40.0,0.4002,46.13409636548179,0.15,0.1,0.9091,10,pos0.1_dd0.15,"['max_drawdown_pct', 'max_position_fraction']",0.20870998693247503,5.0,0.04999999999999716,True,grid,grid,1d,17.169764446864384,1,0.1001,insufficient_trades,['trade_count=1 < 5']
SOL,0.0,True,40.0,0.0,0.0,0.15,0.1,1.0,845,pos0.1_dd0.15,['max_position_fraction'],0.0,5.0,0.0,False,ema_crossover,trend_ema_donchian,1d,0.0,0,0.0,insufficient_trades,['trade_count=0 < 5']
SOL,0.0,True,40.0,0.0,0.0,0.15,0.1,1.0,115,pos0.1_dd0.15,['max_position_fraction'],0.0,5.0,0.0,False,donchian_breakout,trend_ema_donchian,1d,0.0,0,0.0,insufficient_trades,['trade_count=0 < 5']
SOL,0.0,True,40.0,0.0,0.0,0.15,0.1,1.0,202,pos0.1_dd0.15,['max_position_fraction'],0.0,5.0,0.0,False,rsi_mean_reversion,rsi_bollinger_mr,1d,0.0,0,0.0,insufficient_trades,['trade_count=0 < 5']
SOL,0.0,True,40.0,0.0,0.0,0.15,0.1,1.0,101,pos0.1_dd0.15,['max_position_fraction'],0.0,5.0,0.0,False,bollinger_mean_reversion,rsi_bollinger_mr,1d,0.0,0,0.0,insufficient_trades,['trade_count=0 < 5']
SOL,0.0,True,40.0,0.0,0.0,0.15,0.1,1.0,7,pos0.1_dd0.15,['max_position_fraction'],0.0,5.0,0.0,False,atr_breakout,breakout_atr,1d,0.0,0,0.0,insufficient_trades,['trade_count=0 < 5']
SOL,0.0,True,40.0,0.0,0.0,0.15,0.1,1.0,3346,pos0.1_dd0.15,['max_position_fraction'],0.0,5.0,0.0,False,trend_following,trend_ema_donchian,4h,0.0,0,0.0,insufficient_trades,['trade_count=0 < 10']
SOL,0.0,True,40.0,0.0,0.0,0.15,0.1,1.0,348,pos0.1_dd0.15,['max_position_fraction'],0.0,5.0,0.0,False,breakout,breakout_atr,4h,0.0,0,0.0,insufficient_trades,['trade_count=0 < 10']
SOL,0.0,True,40.0,0.0,0.0,0.15,0.1,1.0,780,pos0.1_dd0.15,['max_position_fraction'],0.0,5.0,0.0,False,mean_reversion,rsi_bollinger_mr,4h,0.0,0,0.0,insufficient_trades,['trade_count=0 < 10']
SOL,100.00000000000513,True,40.0,1.8333238349876302,2.1151076100074846,0.15,0.1,0.25,2,pos0.1_dd0.15,['max_position_fraction'],-0.978514254549689,5.0,0.22916072496350637,False,grid,grid,4h,-2.1080124202138903,6,0.4583,insufficient_trades,['trade_count=6 < 10']
SOL,0.0,True,40.0,0.0,0.0,0.15,0.1,1.0,3371,pos0.1_dd0.15,['max_position_fraction'],0.0,5.0,0.0,False,ema_crossover,trend_ema_donchian,4h,0.0,0,0.0,insufficient_trades,['trade_count=0 < 10']
SOL,0.0,True,40.0,0.0,0.0,0.15,0.1,1.0,344,pos0.1_dd0.15,['max_position_fraction'],0.0,5.0,0.0,False,donchian_breakout,trend_ema_donchian,4h,0.0,0,0.0,insufficient_trades,['trade_count=0 < 10']
SOL,0.0,True,40.0,0.0,0.0,0.15,0.1,1.0,812,pos0.1_dd0.15,['max_position_fraction'],0.0,5.0,0.0,False,rsi_mean_reversion,rsi_bollinger_mr,4h,0.0,0,0.0,insufficient_trades,['trade_count=0 < 10']
SOL,0.0,True,40.0,0.0,0.0,0.15,0.1,1.0,391,pos0.1_dd0.15,['max_position_fraction'],0.0,5.0,0.0,False,bollinger_mean_reversion,rsi_bollinger_mr,4h,0.0,0,0.0,insufficient_trades,['trade_count=0 < 10']
SOL,0.0,True,40.0,0.0,0.0,0.15,0.1,1.0,34,pos0.1_dd0.15,['max_position_fraction'],0.0,5.0,0.0,False,atr_breakout,breakout_atr,4h,0.0,0,0.0,insufficient_trades,['trade_count=0 < 10']
SOL,0.0,True,40.0,0.0,0.0,0.15,0.1,1.0,8679,pos0.1_dd0.15,['max_position_fraction'],0.0,5.0,0.0,False,trend_following,trend_ema_donchian,1h,0.0,0,0.0,insufficient_trades,['trade_count=0 < 20']
SOL,0.0,True,40.0,0.0,0.0,0.15,0.1,1.0,520,pos0.1_dd0.15,['max_position_fraction'],0.0,5.0,0.0,False,breakout,breakout_atr,1h,0.0,0,0.0,insufficient_trades,['trade_count=0 < 20']
SOL,0.0,True,40.0,0.0,0.0,0.15,0.1,1.0,1728,pos0.1_dd0.15,['max_position_fraction'],0.0,5.0,0.0,False,mean_reversion,rsi_bollinger_mr,1h,0.0,0,0.0,insufficient_trades,['trade_count=0 < 20']
SOL,100.00000000000118,True,40.0,5.3838883527456005,10.107674245551125,0.15,0.1,0.1481,4,pos0.1_dd0.15,"['max_position_fraction', 'max_trades_per_day']",-0.10323736234116122,5.0,0.6729673252481376,False,grid,grid,1h,-1.9873494269283698,23,1.346,blocked_costs,['cost_drag_pct=100.00']
SOL,0.0,True,40.0,0.0,0.0,0.15,0.1,1.0,8416,pos0.1_dd0.15,['max_position_fraction'],0.0,5.0,0.0,False,ema_crossover,trend_ema_donchian,1h,0.0,0,0.0,insufficient_trades,['trade_count=0 < 20']
SOL,0.0,True,40.0,0.0,0.0,0.15,0.1,1.0,514,pos0.1_dd0.15,['max_position_fraction'],0.0,5.0,0.0,False,donchian_breakout,trend_ema_donchian,1h,0.0,0,0.0,insufficient_trades,['trade_count=0 < 20']
SOL,0.0,True,40.0,0.0,0.0,0.15,0.1,1.0,2189,pos0.1_dd0.15,['max_position_fraction'],0.0,5.0,0.0,False,rsi_mean_reversion,rsi_bollinger_mr,1h,0.0,0,0.0,insufficient_trades,['trade_count=0 < 20']
SOL,0.0,True,40.0,0.0,0.0,0.15,0.1,1.0,1137,pos0.1_dd0.15,['max_position_fraction'],0.0,5.0,0.0,False,bollinger_mean_reversion,rsi_bollinger_mr,1h,0.0,0,0.0,insufficient_trades,['trade_count=0 < 20']
SOL,0.0,True,40.0,0.0,0.0,0.15,0.1,1.0,44,pos0.1_dd0.15,['max_position_fraction'],0.0,5.0,0.0,False,atr_breakout,breakout_atr,1h,0.0,0,0.0,insufficient_trades,['trade_count=0 < 20']
BTC,0.0,True,40.0,0.0,0.0,0.25,0.1,1.0,925,pos0.1_dd0.25,['max_position_fraction'],0.0,5.0,0.0,False,trend_following,trend_ema_donchian,1d,0.0,0,0.0,insufficient_trades,['trade_count=0 < 5']
BTC,0.0,True,40.0,0.0,0.0,0.25,0.1,1.0,120,pos0.1_dd0.25,['max_position_fraction'],0.0,5.0,0.0,False,breakout,breakout_atr,1d,0.0,0,0.0,insufficient_trades,['trade_count=0 < 5']
BTC,0.0,True,40.0,0.0,0.0,0.25,0.1,1.0,218,pos0.1_dd0.25,['max_position_fraction'],0.0,5.0,0.0,False,mean_reversion,rsi_bollinger_mr,1d,0.0,0,0.0,insufficient_trades,['trade_count=0 < 5']
BTC,99.99999999999787,True,40.0,4.195440090807181,23.04982846084897,0.25,0.1,0.1538,2,pos0.1_dd0.25,['max_position_fraction'],0.4273133342284884,5.0,0.5243980608852752,False,grid,grid,1d,33.63785204240776,11,1.0489,blocked_risk,"['max_drawdown_pct=23.05', 'grid_max_inventory']"
BTC,0.0,True,40.0,0.0,0.0,0.25,0.1,1.0,910,pos0.1_dd0.25,['max_position_fraction'],0.0,5.0,0.0,False,ema_crossover,trend_ema_donchian,1d,0.0,0,0.0,insufficient_trades,['trade_count=0 < 5']
BTC,0.0,True,40.0,0.0,0.0,0.25,0.1,1.0,119,pos0.1_dd0.25,['max_position_fraction'],0.0,5.0,0.0,False,donchian_breakout,trend_ema_donchian,1d,0.0,0,0.0,insufficient_trades,['trade_count=0 < 5']
BTC,0.0,True,40.0,0.0,0.0,0.25,0.1,1.0,190,pos0.1_dd0.25,['max_position_fraction'],0.0,5.0,0.0,False,rsi_mean_reversion,rsi_bollinger_mr,1d,0.0,0,0.0,insufficient_trades,['trade_count=0 < 5']
BTC,0.0,True,40.0,0.0,0.0,0.25,0.1,1.0,87,pos0.1_dd0.25,['max_position_fraction'],0.0,5.0,0.0,False,bollinger_mean_reversion,rsi_bollinger_mr,1d,0.0,0,0.0,insufficient_trades,['trade_count=0 < 5']
BTC,0.0,True,40.0,0.0,0.0,0.25,0.1,1.0,14,pos0.1_dd0.25,['max_position_fraction'],0.0,5.0,0.0,False,atr_breakout,breakout_atr,1d,0.0,0,0.0,insufficient_trades,['trade_count=0 < 5']
BTC,0.0,True,40.0,0.0,0.0,0.25,0.1,1.0,3573,pos0.1_dd0.25,['max_position_fraction'],0.0,5.0,0.0,False,trend_following,trend_ema_donchian,4h,0.0,0,0.0,insufficient_trades,['trade_count=0 < 10']
BTC,0.0,True,40.0,0.0,0.0,0.25,0.1,1.0,322,pos0.1_dd0.25,['max_position_fraction'],0.0,5.0,0.0,False,breakout,breakout_atr,4h,0.0,0,0.0,insufficient_trades,['trade_count=0 < 10']
BTC,0.0,True,40.0,0.0,0.0,0.25,0.1,1.0,712,pos0.1_dd0.25,['max_position_fraction'],0.0,5.0,0.0,False,mean_reversion,rsi_bollinger_mr,4h,0.0,0,0.0,insufficient_trades,['trade_count=0 < 10']
BTC,100.00000000001145,True,40.0,0.32016,14.606053513112705,0.25,0.1,0.6667,2,pos0.1_dd0.25,['max_position_fraction'],0.5796933083315584,5.0,0.03999999999999204,False,grid,grid,4h,15.501380032406246,1,0.08,insufficient_trades,['trade_count=1 < 10']
BTC,0.0,True,40.0,0.0,0.0,0.25,0.1,1.0,3586,pos0.1_dd0.25,['max_position_fraction'],0.0,5.0,0.0,False,ema_crossover,trend_ema_donchian,4h,0.0,0,0.0,insufficient_trades,['trade_count=0 < 10']
BTC,0.0,True,40.0,0.0,0.0,0.25,0.1,1.0,311,pos0.1_dd0.25,['max_position_fraction'],0.0,5.0,0.0,False,donchian_breakout,trend_ema_donchian,4h,0.0,0,0.0,insufficient_trades,['trade_count=0 < 10']
BTC,0.0,True,40.0,0.0,0.0,0.25,0.1,1.0,765,pos0.1_dd0.25,['max_position_fraction'],0.0,5.0,0.0,False,rsi_mean_reversion,rsi_bollinger_mr,4h,0.0,0,0.0,insufficient_trades,['trade_count=0 < 10']
BTC,0.0,True,40.0,0.0,0.0,0.25,0.1,1.0,405,pos0.1_dd0.25,['max_position_fraction'],0.0,5.0,0.0,False,bollinger_mean_reversion,rsi_bollinger_mr,4h,0.0,0,0.0,insufficient_trades,['trade_count=0 < 10']
BTC,0.0,True,40.0,0.0,0.0,0.25,0.1,1.0,38,pos0.1_dd0.25,['max_position_fraction'],0.0,5.0,0.0,False,atr_breakout,breakout_atr,4h,0.0,0,0.0,insufficient_trades,['trade_count=0 < 10']
BTC,0.0,True,40.0,0.0,0.0,0.25,0.1,1.0,9152,pos0.1_dd0.25,['max_position_fraction'],0.0,5.0,0.0,False,trend_following,trend_ema_donchian,1h,0.0,0,0.0,insufficient_trades,['trade_count=0 < 20']
BTC,0.0,True,40.0,0.0,0.0,0.25,0.1,1.0,526,pos0.1_dd0.25,['max_position_fraction'],0.0,5.0,0.0,False,breakout,breakout_atr,1h,0.0,0,0.0,insufficient_trades,['trade_count=0 < 20']
BTC,0.0,True,40.0,0.0,0.0,0.25,0.1,1.0,1690,pos0.1_dd0.25,['max_position_fraction'],0.0,5.0,0.0,False,mean_reversion,rsi_bollinger_mr,1h,0.0,0,0.0,insufficient_trades,['trade_count=0 < 20']
BTC,100.00000000000311,True,40.0,2.125485682708099,6.965532347887934,0.25,0.1,0.1818,2,pos0.1_dd0.25,['max_position_fraction'],0.29015896596100366,5.0,0.2656692261870077,False,grid,grid,1h,2.4145001536543984,9,0.5314,insufficient_trades,['trade_count=9 < 20']
BTC,0.0,True,40.0,0.0,0.0,0.25,0.1,1.0,9190,pos0.1_dd0.25,['max_position_fraction'],0.0,5.0,0.0,False,ema_crossover,trend_ema_donchian,1h,0.0,0,0.0,insufficient_trades,['trade_count=0 < 20']
BTC,0.0,True,40.0,0.0,0.0,0.25,0.1,1.0,519,pos0.1_dd0.25,['max_position_fraction'],0.0,5.0,0.0,False,donchian_breakout,trend_ema_donchian,1h,0.0,0,0.0,insufficient_trades,['trade_count=0 < 20']
BTC,0.0,True,40.0,0.0,0.0,0.25,0.1,1.0,2013,pos0.1_dd0.25,['max_position_fraction'],0.0,5.0,0.0,False,rsi_mean_reversion,rsi_bollinger_mr,1h,0.0,0,0.0,insufficient_trades,['trade_count=0 < 20']
BTC,0.0,True,40.0,0.0,0.0,0.25,0.1,1.0,1127,pos0.1_dd0.25,['max_position_fraction'],0.0,5.0,0.0,False,bollinger_mean_reversion,rsi_bollinger_mr,1h,0.0,0,0.0,insufficient_trades,['trade_count=0 < 20']
BTC,0.0,True,40.0,0.0,0.0,0.25,0.1,1.0,78,pos0.1_dd0.25,['max_position_fraction'],0.0,5.0,0.0,False,atr_breakout,breakout_atr,1h,0.0,0,0.0,insufficient_trades,['trade_count=0 < 20']
ETH,0.0,True,40.0,0.0,0.0,0.25,0.1,1.0,831,pos0.1_dd0.25,['max_position_fraction'],0.0,5.0,0.0,False,trend_following,trend_ema_donchian,1d,0.0,0,0.0,insufficient_trades,['trade_count=0 < 5']
ETH,0.0,True,40.0,0.0,0.0,0.25,0.1,1.0,114,pos0.1_dd0.25,['max_position_fraction'],0.0,5.0,0.0,False,breakout,breakout_atr,1d,0.0,0,0.0,insufficient_trades,['trade_count=0 < 5']
ETH,0.0,True,40.0,0.0,0.0,0.25,0.1,1.0,244,pos0.1_dd0.25,['max_position_fraction'],0.0,5.0,0.0,False,mean_reversion,rsi_bollinger_mr,1d,0.0,0,0.0,insufficient_trades,['trade_count=0 < 5']
ETH,100.00000000000138,True,40.0,3.3470094853933663,21.8027593081188,0.25,0.1,0.1818,2,pos0.1_dd0.25,['max_position_fraction'],0.13148445928846547,5.0,0.4183417425738156,False,grid,grid,1d,6.271179856325147,9,0.8368,blocked_risk,['max_drawdown_pct=21.80']
ETH,0.0,True,40.0,0.0,0.0,0.25,0.1,1.0,842,pos0.1_dd0.25,['max_position_fraction'],0.0,5.0,0.0,False,ema_crossover,trend_ema_donchian,1d,0.0,0,0.0,insufficient_trades,['trade_count=0 < 5']
ETH,0.0,True,40.0,0.0,0.0,0.25,0.1,1.0,111,pos0.1_dd0.25,['max_position_fraction'],0.0,5.0,0.0,False,donchian_breakout,trend_ema_donchian,1d,0.0,0,0.0,insufficient_trades,['trade_count=0 < 5']
ETH,0.0,True,40.0,0.0,0.0,0.25,0.1,1.0,169,pos0.1_dd0.25,['max_position_fraction'],0.0,5.0,0.0,False,rsi_mean_reversion,rsi_bollinger_mr,1d,0.0,0,0.0,insufficient_trades,['trade_count=0 < 5']
ETH,0.0,True,40.0,0.0,0.0,0.25,0.1,1.0,97,pos0.1_dd0.25,['max_position_fraction'],0.0,5.0,0.0,False,bollinger_mean_reversion,rsi_bollinger_mr,1d,0.0,0,0.0,insufficient_trades,['trade_count=0 < 5']
ETH,0.0,True,40.0,0.0,0.0,0.25,0.1,1.0,10,pos0.1_dd0.25,['max_position_fraction'],0.0,5.0,0.0,False,atr_breakout,breakout_atr,1d,0.0,0,0.0,insufficient_trades,['trade_count=0 < 5']
ETH,0.0,True,40.0,0.0,0.0,0.25,0.1,1.0,3246,pos0.1_dd0.25,['max_position_fraction'],0.0,5.0,0.0,False,trend_following,trend_ema_donchian,4h,0.0,0,0.0,insufficient_trades,['trade_count=0 < 10']
ETH,0.0,True,40.0,0.0,0.0,0.25,0.1,1.0,314,pos0.1_dd0.25,['max_position_fraction'],0.0,5.0,0.0,False,breakout,breakout_atr,4h,0.0,0,0.0,insufficient_trades,['trade_count=0 < 10']
ETH,0.0,True,40.0,0.0,0.0,0.25,0.1,1.0,712,pos0.1_dd0.25,['max_position_fraction'],0.0,5.0,0.0,False,mean_reversion,rsi_bollinger_mr,4h,0.0,0,0.0,insufficient_trades,['trade_count=0 < 10']
ETH,100.00000000001367,True,40.0,2.1750240260585594,14.223746207484853,0.25,0.1,0.2222,2,pos0.1_dd0.25,['max_position_fraction'],0.1359291517205991,5.0,0.27185522578082555,False,grid,grid,4h,2.4812387371746807,7,0.5438,insufficient_trades,['trade_count=7 < 10']
ETH,0.0,True,40.0,0.0,0.0,0.25,0.1,1.0,3146,pos0.1_dd0.25,['max_position_fraction'],0.0,5.0,0.0,False,ema_crossover,trend_ema_donchian,4h,0.0,0,0.0,insufficient_trades,['trade_count=0 < 10']
ETH,0.0,True,40.0,0.0,0.0,0.25,0.1,1.0,305,pos0.1_dd0.25,['max_position_fraction'],0.0,5.0,0.0,False,donchian_breakout,trend_ema_donchian,4h,0.0,0,0.0,insufficient_trades,['trade_count=0 < 10']
ETH,0.0,True,40.0,0.0,0.0,0.25,0.1,1.0,878,pos0.1_dd0.25,['max_position_fraction'],0.0,5.0,0.0,False,rsi_mean_reversion,rsi_bollinger_mr,4h,0.0,0,0.0,insufficient_trades,['trade_count=0 < 10']
ETH,0.0,True,40.0,0.0,0.0,0.25,0.1,1.0,401,pos0.1_dd0.25,['max_position_fraction'],0.0,5.0,0.0,False,bollinger_mean_reversion,rsi_bollinger_mr,4h,0.0,0,0.0,insufficient_trades,['trade_count=0 < 10']
ETH,0.0,True,40.0,0.0,0.0,0.25,0.1,1.0,37,pos0.1_dd0.25,['max_position_fraction'],0.0,5.0,0.0,False,atr_breakout,breakout_atr,4h,0.0,0,0.0,insufficient_trades,['trade_count=0 < 10']
ETH,0.0,True,40.0,0.0,0.0,0.25,0.1,1.0,8960,pos0.1_dd0.25,['max_position_fraction'],0.0,5.0,0.0,False,trend_following,trend_ema_donchian,1h,0.0,0,0.0,insufficient_trades,['trade_count=0 < 20']
ETH,0.0,True,40.0,0.0,0.0,0.25,0.1,1.0,494,pos0.1_dd0.25,['max_position_fraction'],0.0,5.0,0.0,False,breakout,breakout_atr,1h,0.0,0,0.0,insufficient_trades,['trade_count=0 < 20']
ETH,0.0,True,40.0,0.0,0.0,0.25,0.1,1.0,1640,pos0.1_dd0.25,['max_position_fraction'],0.0,5.0,0.0,False,mean_reversion,rsi_bollinger_mr,1h,0.0,0,0.0,insufficient_trades,['trade_count=0 < 20']
ETH,99.99999999999699,True,40.0,4.888651225744195,11.404133642820602,0.25,0.1,0.087,2,pos0.1_dd0.25,['max_position_fraction'],0.056246596623767194,5.0,0.611061809970515,False,grid,grid,1h,0.3186997507584465,21,1.2222,blocked_costs,['cost_drag_pct=100.00']
ETH,0.0,True,40.0,0.0,0.0,0.25,0.1,1.0,8585,pos0.1_dd0.25,['max_position_fraction'],0.0,5.0,0.0,False,ema_crossover,trend_ema_donchian,1h,0.0,0,0.0,insufficient_trades,['trade_count=0 < 20']
ETH,0.0,True,40.0,0.0,0.0,0.25,0.1,1.0,491,pos0.1_dd0.25,['max_position_fraction'],0.0,5.0,0.0,False,donchian_breakout,trend_ema_donchian,1h,0.0,0,0.0,insufficient_trades,['trade_count=0 < 20']
ETH,0.0,True,40.0,0.0,0.0,0.25,0.1,1.0,2206,pos0.1_dd0.25,['max_position_fraction'],0.0,5.0,0.0,False,rsi_mean_reversion,rsi_bollinger_mr,1h,0.0,0,0.0,insufficient_trades,['trade_count=0 < 20']
ETH,0.0,True,40.0,0.0,0.0,0.25,0.1,1.0,1118,pos0.1_dd0.25,['max_position_fraction'],0.0,5.0,0.0,False,bollinger_mean_reversion,rsi_bollinger_mr,1h,0.0,0,0.0,insufficient_trades,['trade_count=0 < 20']
ETH,0.0,True,40.0,0.0,0.0,0.25,0.1,1.0,58,pos0.1_dd0.25,['max_position_fraction'],0.0,5.0,0.0,False,atr_breakout,breakout_atr,1h,0.0,0,0.0,insufficient_trades,['trade_count=0 < 20']
SOL,0.0,True,40.0,0.0,0.0,0.25,0.1,1.0,840,pos0.1_dd0.25,['max_position_fraction'],0.0,5.0,0.0,False,trend_following,trend_ema_donchian,1d,0.0,0,0.0,insufficient_trades,['trade_count=0 < 5']
SOL,0.0,True,40.0,0.0,0.0,0.25,0.1,1.0,119,pos0.1_dd0.25,['max_position_fraction'],0.0,5.0,0.0,False,breakout,breakout_atr,1d,0.0,0,0.0,insufficient_trades,['trade_count=0 < 5']
SOL,0.0,True,40.0,0.0,0.0,0.25,0.1,1.0,254,pos0.1_dd0.25,['max_position_fraction'],0.0,5.0,0.0,False,mean_reversion,rsi_bollinger_mr,1d,0.0,0,0.0,insufficient_trades,['trade_count=0 < 5']
SOL,100.00000000000043,True,40.0,0.4002,46.13409636548179,0.25,0.1,0.9091,10,pos0.1_dd0.25,"['max_drawdown_pct', 'max_position_fraction']",0.20870998693247503,5.0,0.04999999999999716,True,grid,grid,1d,17.169764446864384,1,0.1001,insufficient_trades,['trade_count=1 < 5']
SOL,0.0,True,40.0,0.0,0.0,0.25,0.1,1.0,845,pos0.1_dd0.25,['max_position_fraction'],0.0,5.0,0.0,False,ema_crossover,trend_ema_donchian,1d,0.0,0,0.0,insufficient_trades,['trade_count=0 < 5']
SOL,0.0,True,40.0,0.0,0.0,0.25,0.1,1.0,115,pos0.1_dd0.25,['max_position_fraction'],0.0,5.0,0.0,False,donchian_breakout,trend_ema_donchian,1d,0.0,0,0.0,insufficient_trades,['trade_count=0 < 5']
SOL,0.0,True,40.0,0.0,0.0,0.25,0.1,1.0,202,pos0.1_dd0.25,['max_position_fraction'],0.0,5.0,0.0,False,rsi_mean_reversion,rsi_bollinger_mr,1d,0.0,0,0.0,insufficient_trades,['trade_count=0 < 5']
SOL,0.0,True,40.0,0.0,0.0,0.25,0.1,1.0,101,pos0.1_dd0.25,['max_position_fraction'],0.0,5.0,0.0,False,bollinger_mean_reversion,rsi_bollinger_mr,1d,0.0,0,0.0,insufficient_trades,['trade_count=0 < 5']
SOL,0.0,True,40.0,0.0,0.0,0.25,0.1,1.0,7,pos0.1_dd0.25,['max_position_fraction'],0.0,5.0,0.0,False,atr_breakout,breakout_atr,1d,0.0,0,0.0,insufficient_trades,['trade_count=0 < 5']
SOL,0.0,True,40.0,0.0,0.0,0.25,0.1,1.0,3346,pos0.1_dd0.25,['max_position_fraction'],0.0,5.0,0.0,False,trend_following,trend_ema_donchian,4h,0.0,0,0.0,insufficient_trades,['trade_count=0 < 10']
SOL,0.0,True,40.0,0.0,0.0,0.25,0.1,1.0,348,pos0.1_dd0.25,['max_position_fraction'],0.0,5.0,0.0,False,breakout,breakout_atr,4h,0.0,0,0.0,insufficient_trades,['trade_count=0 < 10']
SOL,0.0,True,40.0,0.0,0.0,0.25,0.1,1.0,780,pos0.1_dd0.25,['max_position_fraction'],0.0,5.0,0.0,False,mean_reversion,rsi_bollinger_mr,4h,0.0,0,0.0,insufficient_trades,['trade_count=0 < 10']
SOL,100.00000000000513,True,40.0,1.8333238349876302,2.1151076100074846,0.25,0.1,0.25,2,pos0.1_dd0.25,['max_position_fraction'],-0.978514254549689,5.0,0.22916072496350637,False,grid,grid,4h,-2.1080124202138903,6,0.4583,insufficient_trades,['trade_count=6 < 10']
SOL,0.0,True,40.0,0.0,0.0,0.25,0.1,1.0,3371,pos0.1_dd0.25,['max_position_fraction'],0.0,5.0,0.0,False,ema_crossover,trend_ema_donchian,4h,0.0,0,0.0,insufficient_trades,['trade_count=0 < 10']
SOL,0.0,True,40.0,0.0,0.0,0.25,0.1,1.0,344,pos0.1_dd0.25,['max_position_fraction'],0.0,5.0,0.0,False,donchian_breakout,trend_ema_donchian,4h,0.0,0,0.0,insufficient_trades,['trade_count=0 < 10']
SOL,0.0,True,40.0,0.0,0.0,0.25,0.1,1.0,812,pos0.1_dd0.25,['max_position_fraction'],0.0,5.0,0.0,False,rsi_mean_reversion,rsi_bollinger_mr,4h,0.0,0,0.0,insufficient_trades,['trade_count=0 < 10']
SOL,0.0,True,40.0,0.0,0.0,0.25,0.1,1.0,391,pos0.1_dd0.25,['max_position_fraction'],0.0,5.0,0.0,False,bollinger_mean_reversion,rsi_bollinger_mr,4h,0.0,0,0.0,insufficient_trades,['trade_count=0 < 10']
SOL,0.0,True,40.0,0.0,0.0,0.25,0.1,1.0,34,pos0.1_dd0.25,['max_position_fraction'],0.0,5.0,0.0,False,atr_breakout,breakout_atr,4h,0.0,0,0.0,insufficient_trades,['trade_count=0 < 10']
SOL,0.0,True,40.0,0.0,0.0,0.25,0.1,1.0,8679,pos0.1_dd0.25,['max_position_fraction'],0.0,5.0,0.0,False,trend_following,trend_ema_donchian,1h,0.0,0,0.0,insufficient_trades,['trade_count=0 < 20']
SOL,0.0,True,40.0,0.0,0.0,0.25,0.1,1.0,520,pos0.1_dd0.25,['max_position_fraction'],0.0,5.0,0.0,False,breakout,breakout_atr,1h,0.0,0,0.0,insufficient_trades,['trade_count=0 < 20']
SOL,0.0,True,40.0,0.0,0.0,0.25,0.1,1.0,1728,pos0.1_dd0.25,['max_position_fraction'],0.0,5.0,0.0,False,mean_reversion,rsi_bollinger_mr,1h,0.0,0,0.0,insufficient_trades,['trade_count=0 < 20']
SOL,100.00000000000118,True,40.0,5.3838883527456005,10.107674245551125,0.25,0.1,0.1481,4,pos0.1_dd0.25,"['max_position_fraction', 'max_trades_per_day']",-0.10323736234116122,5.0,0.6729673252481376,False,grid,grid,1h,-1.9873494269283698,23,1.346,blocked_costs,['cost_drag_pct=100.00']
SOL,0.0,True,40.0,0.0,0.0,0.25,0.1,1.0,8416,pos0.1_dd0.25,['max_position_fraction'],0.0,5.0,0.0,False,ema_crossover,trend_ema_donchian,1h,0.0,0,0.0,insufficient_trades,['trade_count=0 < 20']
SOL,0.0,True,40.0,0.0,0.0,0.25,0.1,1.0,514,pos0.1_dd0.25,['max_position_fraction'],0.0,5.0,0.0,False,donchian_breakout,trend_ema_donchian,1h,0.0,0,0.0,insufficient_trades,['trade_count=0 < 20']
SOL,0.0,True,40.0,0.0,0.0,0.25,0.1,1.0,2189,pos0.1_dd0.25,['max_position_fraction'],0.0,5.0,0.0,False,rsi_mean_reversion,rsi_bollinger_mr,1h,0.0,0,0.0,insufficient_trades,['trade_count=0 < 20']
SOL,0.0,True,40.0,0.0,0.0,0.25,0.1,1.0,1137,pos0.1_dd0.25,['max_position_fraction'],0.0,5.0,0.0,False,bollinger_mean_reversion,rsi_bollinger_mr,1h,0.0,0,0.0,insufficient_trades,['trade_count=0 < 20']
SOL,0.0,True,40.0,0.0,0.0,0.25,0.1,1.0,44,pos0.1_dd0.25,['max_position_fraction'],0.0,5.0,0.0,False,atr_breakout,breakout_atr,1h,0.0,0,0.0,insufficient_trades,['trade_count=0 < 20']
BTC,99.99999999999852,True,40.0,1.0005,27.688235333221495,0.1,0.25,0.9988,829,pos0.25_dd0.1,"['max_drawdown_pct', 'max_position_fraction']",0.287545483340449,5.0,0.12499999999997158,True,trend_following,trend_ema_donchian,1d,23.46416291871792,1,0.2501,insufficient_trades,['trade_count=1 < 5']
BTC,100.00000000000104,True,40.0,1.0005,29.822291454692895,0.1,0.25,0.9846,64,pos0.25_dd0.1,"['max_drawdown_pct', 'max_position_fraction']",0.3234182335969331,5.0,0.125,True,breakout,breakout_atr,1d,29.593631449828173,1,0.2501,insufficient_trades,['trade_count=1 < 5']
BTC,100.00000000000169,True,40.0,4.929375931222475,31.9520922906117,0.1,0.25,0.9972,1784,pos0.25_dd0.1,"['max_drawdown_pct', 'max_position_fraction']",0.3416042767551563,5.0,0.6161080164635848,True,mean_reversion,rsi_bollinger_mr,1d,34.41650353628997,5,1.2323,blocked_risk,"['max_drawdown_pct=31.95', 'risk_denial_rate=99.72%', 'safety_stop']"
BTC,100.0000000000038,True,40.0,1.9127497289067001,15.726635481016475,0.1,0.25,0.6923,9,pos0.25_dd0.1,"['max_drawdown_pct', 'max_position_fraction']",0.2672941568514043,5.0,0.2390644688163377,True,grid,grid,1d,13.534993441822735,4,0.4782,insufficient_trades,['trade_count=4 < 5']
BTC,100.00000000000104,True,40.0,1.0005,28.896104869911998,0.1,0.25,0.9988,850,pos0.25_dd0.1,"['max_drawdown_pct', 'max_position_fraction']",0.30812190905699743,5.0,0.125,True,ema_crossover,trend_ema_donchian,1d,26.866108667583283,1,0.2501,insufficient_trades,['trade_count=1 < 5']
BTC,100.00000000000104,True,40.0,1.0005,29.822291454692895,0.1,0.25,0.9841,62,pos0.25_dd0.1,"['max_drawdown_pct', 'max_position_fraction']",0.3234182335969331,5.0,0.125,True,donchian_breakout,trend_ema_donchian,1d,29.593631449828173,1,0.2501,insufficient_trades,['trade_count=1 < 5']
BTC,99.99999999999852,True,40.0,1.0005,33.00818302195395,0.1,0.25,0.9994,1759,pos0.25_dd0.1,"['max_drawdown_pct', 'max_position_fraction']",0.37281595543751866,5.0,0.12499999999997158,True,rsi_mean_reversion,rsi_bollinger_mr,1d,39.860184459313174,1,0.2501,insufficient_trades,['trade_count=1 < 5']
BTC,99.99999999999953,True,40.0,2.9893593809238,33.00818302195396,0.1,0.25,0.9983,1777,pos0.25_dd0.1,"['max_drawdown_pct', 'max_position_fraction']",0.3680967383112934,5.0,0.37360722898347376,True,bollinger_mean_reversion,rsi_bollinger_mr,1d,39.29766283257257,3,0.7473,insufficient_trades,['trade_count=3 < 5']
BTC,100.00000000000104,True,40.0,1.0005,34.61102607693445,0.1,0.25,0.9991,1137,pos0.25_dd0.1,"['max_drawdown_pct', 'max_position_fraction']",0.5726590520906845,5.0,0.125,True,atr_breakout,breakout_atr,1d,82.7586227969165,1,0.2501,insufficient_trades,['trade_count=1 < 5']
BTC,100.00000000000193,True,40.0,100.32813241962512,8.201257887012611,0.1,0.25,0.0,0,pos0.25_dd0.1,[],0.41730045395691273,5.0,12.54106489525094,False,trend_following,trend_ema_donchian,4h,8.050199948175532,116,25.082,blocked_costs,['cost_drag_pct=100.00']
BTC,100.00000000000016,True,40.0,81.66742480589139,15.380369107597824,0.1,0.25,0.4224,68,pos0.25_dd0.1,"['max_drawdown_pct', 'max_position_fraction']",0.26144956878002246,5.0,10.20841849714094,True,breakout,breakout_atr,4h,5.679597574850003,93,20.4169,blocked_risk,"['max_drawdown_pct=15.38', 'risk_denial_rate=42.24%', 'safety_stop']"
BTC,99.99999999999993,True,40.0,140.5057186137525,18.32571619836382,0.1,0.25,0.8768,1302,pos0.25_dd0.1,['max_drawdown_pct'],-0.968076120569659,5.0,17.563187302254505,True,mean_reversion,rsi_bollinger_mr,4h,-15.111047199434632,183,35.1264,blocked_risk,"['max_drawdown_pct=18.33', 'risk_denial_rate=87.68%', 'safety_stop']"
BTC,100.0000000000077,True,40.0,0.957813634257716,30.204954389996182,0.1,0.25,0.0,0,pos0.25_dd0.1,[],0.7227964080142112,5.0,0.11966687084677119,False,grid,grid,4h,48.106746578666616,3,0.2395,insufficient_trades,['trade_count=3 < 10']
BTC,99.99999999999937,True,40.0,15.148349824411108,26.311635605168426,0.1,0.25,0.9924,2469,pos0.25_dd0.1,"['max_daily_loss_pct', 'max_drawdown_pct', 'max_position_fraction']",0.6242313902709591,5.0,1.8934947064423966,True,ema_crossover,trend_ema_donchian,4h,33.018166944345786,19,3.7871,blocked_risk,"['max_drawdown_pct=26.31', 'risk_denial_rate=99.24%', 'safety_stop']"
BTC,99.99999999999999,True,40.0,78.41411098489705,15.435642516550638,0.1,0.25,0.4277,68,pos0.25_dd0.1,"['max_drawdown_pct', 'max_position_fraction']",0.19857940928942916,5.0,9.801749941692975,True,donchian_breakout,trend_ema_donchian,4h,4.020808182563042,91,19.6035,blocked_risk,"['max_drawdown_pct=15.44', 'risk_denial_rate=42.77%', 'safety_stop']"
BTC,100.00000000000028,True,40.0,107.11611488034367,12.790006543523702,0.1,0.25,0.7137,344,pos0.25_dd0.1,['max_drawdown_pct'],-0.7059427642313473,5.0,13.389522108597077,True,rsi_mean_reversion,rsi_bollinger_mr,4h,-8.951141377334125,138,26.779,blocked_risk,"['risk_denial_rate=71.37%', 'safety_stop']"
BTC,100.00000000000024,True,40.0,146.75637864491034,10.443256862717783,0.1,0.25,0.3262,92,pos0.25_dd0.1,['max_drawdown_pct'],-0.6622138197919893,5.0,18.344566296091728,True,bollinger_mean_reversion,rsi_bollinger_mr,4h,-8.923902600283213,190,36.6891,blocked_risk,"['risk_denial_rate=32.62%', 'safety_stop']"
BTC,99.99999999999952,True,40.0,56.811258758431165,4.846769434708892,0.1,0.25,0.0,0,pos0.25_dd0.1,[],-1.612158648913209,5.0,7.10141250421222,False,atr_breakout,breakout_atr,4h,-4.327503504476067,72,14.2028,blocked_costs,['cost_drag_pct=100.00']
BTC,100.00000000000055,True,40.0,88.04863181877664,10.353859388243608,0.1,0.25,0.8996,1308,pos0.25_dd0.1,['max_drawdown_pct'],-0.45975583574668705,5.0,11.00609269899681,True,trend_following,trend_ema_donchian,1h,-4.416812057552306,146,22.0122,blocked_risk,"['risk_denial_rate=89.96%', 'safety_stop']"
BTC,99.99999999999973,True,40.0,88.8388667800249,10.815053645442328,0.1,0.25,0.3214,72,pos0.25_dd0.1,['max_drawdown_pct'],-0.7317940478097541,5.0,11.104866411557794,True,breakout,breakout_atr,1h,-6.7687509582669,152,22.2097,blocked_risk,"['risk_denial_rate=32.14%', 'safety_stop']"
BTC,99.99999999999953,True,40.0,119.41381458185542,10.23464077063729,0.1,0.25,0.7775,734,pos0.25_dd0.1,['max_drawdown_pct'],-1.582702028985463,5.0,14.92673569117099,True,mean_reversion,rsi_bollinger_mr,1h,-9.886678856713763,210,29.8535,blocked_risk,"['risk_denial_rate=77.75%', 'safety_stop']"
BTC,100.00000000000631,True,40.0,3.0605643289785402,6.965532347887926,0.1,0.25,0.0,0,pos0.25_dd0.1,[],0.2321686638045474,5.0,0.382553187690867,False,grid,grid,1h,1.91663868740053,11,0.7651,insufficient_trades,['trade_count=11 < 20']
BTC,100.00000000000017,True,40.0,83.01172612872384,11.239791926329646,0.1,0.25,0.9282,1784,pos0.25_dd0.1,['max_drawdown_pct'],-0.4490636213674668,5.0,10.376478395455393,True,ema_crossover,trend_ema_donchian,1h,-4.287073984611743,138,20.7529,blocked_risk,"['risk_denial_rate=92.82%', 'safety_stop']"
BTC,99.99999999999939,True,40.0,88.6541167516733,10.440276041102246,0.1,0.25,0.3122,69,pos0.25_dd0.1,['max_drawdown_pct'],-0.780355876352693,5.0,11.08177184273515,True,donchian_breakout,trend_ema_donchian,1h,-7.074077940865959,152,22.1635,blocked_risk,"['risk_denial_rate=31.22%', 'safety_stop']"
BTC,100.00000000000023,True,40.0,102.46875738315548,10.207687229294532,0.1,0.25,0.8867,1409,pos0.25_dd0.1,['max_drawdown_pct'],-2.1194227684184006,5.0,12.808598849179461,True,rsi_mean_reversion,rsi_bollinger_mr,1h,-9.85722112544222,180,25.6172,blocked_risk,"['risk_denial_rate=88.67%', 'safety_stop']"
BTC,100.00000000000011,True,40.0,100.03525472163852,10.25608807376351,0.1,0.25,0.8271,842,pos0.25_dd0.1,['max_drawdown_pct'],-2.424586311421116,5.0,12.50440984670223,True,bollinger_mean_reversion,rsi_bollinger_mr,1h,-10.05136694726101,176,25.0088,blocked_risk,"['risk_denial_rate=82.71%', 'safety_stop']"
BTC,99.99999999999962,True,40.0,82.69194276370725,8.387945677369112,0.1,0.25,0.0,0,pos0.25_dd0.1,[],-4.15823128909633,5.0,10.336495132707483,False,atr_breakout,breakout_atr,1h,-8.387945677369112,144,20.673,blocked_costs,['cost_drag_pct=100.00']
ETH,99.99999999999852,True,40.0,1.0005,30.21986086852851,0.1,0.25,0.9989,922,pos0.25_dd0.1,"['max_drawdown_pct', 'max_position_fraction']",0.025158212760746042,5.0,0.12499999999997158,True,trend_following,trend_ema_donchian,1d,-4.6878550523028935,1,0.2501,insufficient_trades,['trade_count=1 < 5']
ETH,100.00000000000104,True,40.0,1.0005,31.298207817577296,0.1,0.25,0.9848,65,pos0.25_dd0.1,"['max_drawdown_pct', 'max_position_fraction']",0.04165456235414411,5.0,0.125,True,breakout,breakout_atr,1d,-3.4838499784711305,1,0.2501,insufficient_trades,['trade_count=1 < 5']
ETH,100.00000000000047,True,40.0,4.652126755777484,37.53533180545161,0.1,0.25,0.9972,1775,pos0.25_dd0.1,"['max_drawdown_pct', 'max_position_fraction']",0.08764662456591932,5.0,0.5814444164393251,True,mean_reversion,rsi_bollinger_mr,1d,-0.8674449825551505,5,1.163,blocked_risk,"['max_drawdown_pct=37.54', 'risk_denial_rate=99.72%', 'safety_stop']"
ETH,100.00000000000004,True,40.0,2.594071800787533,16.138827790780923,0.1,0.25,0.4545,5,pos0.25_dd0.1,"['max_drawdown_pct', 'max_position_fraction']",0.03485423604647097,5.0,0.32422540561358915,True,grid,grid,1d,-0.3929805020076628,6,0.6485,blocked_risk,"['max_drawdown_pct=16.14', 'risk_denial_rate=45.45%', 'safety_stop']"
ETH,100.00000000000608,True,40.0,1.0004999999999997,32.59933440276795,0.1,0.25,0.9989,917,pos0.25_dd0.1,"['max_drawdown_pct', 'max_position_fraction']",0.06075208308084218,5.0,0.12499999999994316,True,ema_crossover,trend_ema_donchian,1d,-1.9570894413543785,1,0.2501,insufficient_trades,['trade_count=1 < 5']
ETH,100.00000000000104,True,40.0,1.0005,31.298207817577296,0.1,0.25,0.9848,65,pos0.25_dd0.1,"['max_drawdown_pct', 'max_position_fraction']",0.04165456235414411,5.0,0.125,True,donchian_breakout,trend_ema_donchian,1d,-3.4838499784711305,1,0.2501,insufficient_trades,['trade_count=1 < 5']
ETH,100.00000000000074,True,40.0,2.9921371192094983,36.401663901539564,0.1,0.25,0.9983,1779,pos0.25_dd0.1,"['max_drawdown_pct', 'max_position_fraction']",0.110436746133411,5.0,0.3739545507158937,True,rsi_mean_reversion,rsi_bollinger_mr,1d,2.678020678913549,3,0.748,insufficient_trades,['trade_count=3 < 5']
ETH,99.99999999999879,True,40.0,15.688120346742936,23.337172711111947,0.1,0.25,0.9882,1420,pos0.25_dd0.1,"['max_drawdown_pct', 'max_position_fraction']",-0.16409322664379214,5.0,1.9609396200441154,True,bollinger_mean_reversion,rsi_bollinger_mr,1d,-16.61260966762029,17,3.922,blocked_risk,"['max_drawdown_pct=23.34', 'risk_denial_rate=98.82%', 'safety_stop']"
ETH,100.00000000000111,True,40.0,8.703280488529254,29.694574735203496,0.1,0.25,0.99,892,pos0.25_dd0.1,"['max_drawdown_pct', 'max_position_fraction']",0.07473498712973076,5.0,1.0878413802334705,True,atr_breakout,breakout_atr,1d,0.3635724254230809,9,2.1758,blocked_risk,"['max_drawdown_pct=29.69', 'risk_denial_rate=99.00%', 'safety_stop']"
ETH,99.99999999999774,True,40.0,34.75472472834451,12.492213481146077,0.1,0.25,0.9798,2039,pos0.25_dd0.1,"['max_drawdown_pct', 'max_position_fraction']",0.25649589358341696,5.0,4.344362009765547,True,trend_following,trend_ema_donchian,4h,4.657580501981738,42,8.6887,blocked_risk,"['risk_denial_rate=97.98%', 'safety_stop']"
ETH,99.99999999999929,True,40.0,50.49019883883087,19.783791436148785,0.1,0.25,0.6514,114,pos0.25_dd0.1,"['max_drawdown_pct', 'max_position_fraction']",-0.05532303663832725,5.0,6.311249177349254,True,breakout,breakout_atr,4h,-3.206742662195473,61,12.6225,blocked_risk,"['max_drawdown_pct=19.78', 'risk_denial_rate=65.14%', 'safety_stop']"
ETH,99.99999999999987,True,40.0,80.78033047624359,20.693828718304573,0.1,0.25,0.9493,1946,pos0.25_dd0.1,['max_drawdown_pct'],-0.4052108082568696,5.0,10.097541270642466,True,mean_reversion,rsi_bollinger_mr,4h,-9.103341858875137,104,20.1951,blocked_risk,"['max_drawdown_pct=20.69', 'risk_denial_rate=94.93%', 'safety_stop']"
ETH,100.00000000000601,True,40.0,2.7849880117683097,13.402428868685043,0.1,0.25,0.2222,2,pos0.25_dd0.1,['max_drawdown_pct'],0.08229106141206677,5.0,0.34809957662906754,True,grid,grid,4h,1.018722261320363,7,0.6962,insufficient_trades,['trade_count=7 < 10']
ETH,99.99999999999987,True,40.0,46.35400431931594,11.303670467997568,0.1,0.25,0.9692,1828,pos0.25_dd0.1,"['max_drawdown_pct', 'max_position_fraction']",0.029099838132685674,5.0,5.794263380432881,True,ema_crossover,trend_ema_donchian,4h,-0.07861916595988987,58,11.5885,blocked_risk,"['risk_denial_rate=96.92%', 'safety_stop']"
ETH,99.99999999999899,True,40.0,50.198480738913446,19.84312900255269,0.1,0.25,0.6391,108,pos0.25_dd0.1,"['max_drawdown_pct', 'max_position_fraction']",-0.07290569481304275,5.0,6.274783238654976,True,donchian_breakout,trend_ema_donchian,4h,-3.7107694588787465,61,12.5496,blocked_risk,"['max_drawdown_pct=19.84', 'risk_denial_rate=63.91%', 'safety_stop']"
ETH,99.99999999999926,True,40.0,69.01685604068464,14.176619006236047,0.1,0.25,0.9183,1012,pos0.25_dd0.1,['max_drawdown_pct'],-0.7149596500201467,5.0,8.627102200621579,True,rsi_mean_reversion,rsi_bollinger_mr,4h,-9.68618110756654,90,17.2542,blocked_risk,"['risk_denial_rate=91.83%', 'safety_stop']"
ETH,100.00000000000004,True,40.0,86.66737394052309,12.467975705966316,0.1,0.25,0.7689,366,pos0.25_dd0.1,['max_drawdown_pct'],-0.6637594383573415,5.0,10.833424707935563,True,bollinger_mean_reversion,rsi_bollinger_mr,4h,-8.56393133070136,110,21.6668,blocked_risk,"['risk_denial_rate=76.89%', 'safety_stop']"
ETH,100.00000000000031,True,40.0,54.23968264674268,2.220518446525475,0.1,0.25,0.0,0,pos0.25_dd0.1,[],-0.1307945968723364,5.0,6.779974031139886,False,atr_breakout,breakout_atr,4h,-0.6218465213039395,68,13.5599,blocked_costs,['cost_drag_pct=100.00']
ETH,99.99999999999946,True,40.0,40.45986216485117,12.072690789880909,0.1,0.25,0.9878,5524,pos0.25_dd0.1,['max_drawdown_pct'],-0.7142147294689726,5.0,5.057478139801674,True,trend_following,trend_ema_donchian,1h,-6.4040557023026965,68,10.115,blocked_risk,"['risk_denial_rate=98.78%', 'safety_stop']"
ETH,100.00000000000088,True,40.0,99.12997014520852,10.522803551436628,0.1,0.25,0.0175,3,pos0.25_dd0.1,['max_drawdown_pct'],-0.38004973112331236,5.0,12.391260954282274,True,breakout,breakout_atr,1h,-5.277670057046771,168,24.7825,blocked_risk,['safety_stop']
ETH,99.99999999999999,True,40.0,78.28497951782008,16.689249234295602,0.1,0.25,0.9696,4344,pos0.25_dd0.1,"['max_drawdown_pct', 'max_trades_per_day']",-0.9019185723843604,5.0,9.785620499605045,True,mean_reversion,rsi_bollinger_mr,1h,-9.583108594759619,136,19.5712,blocked_risk,"['max_drawdown_pct=16.69', 'risk_denial_rate=96.96%', 'safety_stop']"
ETH,99.99999999999977,True,40.0,5.716102644226914,11.40413364282061,0.1,0.25,0.0,0,pos0.25_dd0.1,[],-0.07783737992853708,5.0,0.7144898356516265,False,grid,grid,1h,-1.2731889497108113,23,1.429,blocked_costs,['cost_drag_pct=100.00']
ETH,100.00000000000114,True,40.0,49.972237051705726,10.275056439258325,0.1,0.25,0.9841,5211,pos0.25_dd0.1,['max_drawdown_pct'],-0.7792131107694663,5.0,6.24652753549762,True,ema_crossover,trend_ema_donchian,1h,-6.460262394508459,84,12.4931,blocked_risk,"['risk_denial_rate=98.41%', 'safety_stop']"
ETH,99.99999999999967,True,40.0,48.53953247895481,10.215495703179368,0.1,0.25,0.7716,277,pos0.25_dd0.1,['max_drawdown_pct'],-0.89520328108458,5.0,6.067436691025861,True,donchian_breakout,trend_ema_donchian,1h,-7.408234042329695,82,12.1349,blocked_risk,"['risk_denial_rate=77.16%', 'safety_stop']"
ETH,99.99999999999892,True,40.0,59.6342467731362,10.309129919326022,0.1,0.25,0.9446,1773,pos0.25_dd0.1,['max_drawdown_pct'],-1.982510771785399,5.0,7.454272818200181,True,rsi_mean_reversion,rsi_bollinger_mr,1h,-9.920228358079884,104,14.9086,blocked_risk,"['risk_denial_rate=94.46%', 'safety_stop']"
ETH,99.99999999999922,True,40.0,77.43782633739339,10.643658533232355,0.1,0.25,0.8711,919,pos0.25_dd0.1,['max_drawdown_pct'],-1.9982707472946692,5.0,9.679725259474608,True,bollinger_mean_reversion,rsi_bollinger_mr,1h,-9.924834563231775,136,19.3595,blocked_risk,"['risk_denial_rate=87.11%', 'safety_stop']"
ETH,99.99999999999946,True,40.0,64.5427814019404,5.896426506088372,0.1,0.25,0.0,0,pos0.25_dd0.1,[],-2.3654143995911197,5.0,8.067853054301764,False,atr_breakout,breakout_atr,1h,-5.109439380546519,110,16.1357,blocked_costs,['cost_drag_pct=100.00']
SOL,100.00000000000104,True,40.0,1.0005,67.02216073763881,0.1,0.25,0.9989,907,pos0.25_dd0.1,"['max_drawdown_pct', 'max_position_fraction']",0.28212235136459923,5.0,0.125,True,trend_following,trend_ema_donchian,1d,31.308432735723773,1,0.2501,insufficient_trades,['trade_count=1 < 5']
SOL,100.00000000000104,True,40.0,1.0005,67.5157553508636,0.1,0.25,0.9867,74,pos0.25_dd0.1,['max_drawdown_pct'],0.2870233873697605,5.0,0.125,True,breakout,breakout_atr,1d,32.6996098084041,1,0.2501,insufficient_trades,['trade_count=1 < 5']
SOL,99.99999999999628,True,40.0,2.9832706320461737,73.45184210684857,0.1,0.25,0.9983,1780,pos0.25_dd0.1,"['max_drawdown_pct', 'max_position_fraction']",0.34786601575537046,5.0,0.3728459064286085,True,mean_reversion,rsi_bollinger_mr,1d,53.337531312924234,3,0.7458,insufficient_trades,['trade_count=3 < 5']
SOL,100.00000000000757,True,40.0,0.7916497921661367,67.26230177255812,0.1,0.25,0.8182,9,pos0.25_dd0.1,['max_drawdown_pct'],0.3113379194775673,5.0,0.09890677063545184,True,grid,grid,1d,41.21793433821013,2,0.1979,insufficient_trades,['trade_count=2 < 5']
SOL,99.99999999999791,True,40.0,2.6598710269739967,67.5157553508636,0.1,0.25,0.9967,919,pos0.25_dd0.1,"['max_drawdown_pct', 'max_position_fraction']",0.25941111771782793,5.0,0.3324087955333255,True,ema_crossover,trend_ema_donchian,1d,23.45016690438938,3,0.665,insufficient_trades,['trade_count=3 < 5']
SOL,100.00000000000104,True,40.0,1.0005,67.5157553508636,0.1,0.25,0.9865,73,pos0.25_dd0.1,['max_drawdown_pct'],0.2870233873697605,5.0,0.125,True,donchian_breakout,trend_ema_donchian,1d,32.6996098084041,1,0.2501,insufficient_trades,['trade_count=1 < 5']
SOL,99.99999999999966,True,40.0,2.9832706320461737,75.67915347167983,0.1,0.25,0.9983,1777,pos0.25_dd0.1,"['max_drawdown_pct', 'max_position_fraction']",0.3738208460390172,5.0,0.3728459064286085,True,rsi_mean_reversion,rsi_bollinger_mr,1d,64.51529200445445,3,0.7458,insufficient_trades,['trade_count=3 < 5']
SOL,99.99999999999628,True,40.0,2.9832706320461737,73.45184210684857,0.1,0.25,0.9983,1780,pos0.25_dd0.1,"['max_drawdown_pct', 'max_position_fraction']",0.34786601575537046,5.0,0.3728459064286085,True,bollinger_mean_reversion,rsi_bollinger_mr,1d,53.337531312924234,3,0.7458,insufficient_trades,['trade_count=3 < 5']
SOL,99.99999999999852,True,40.0,1.0005,59.4089662547326,0.1,0.25,0.9994,1630,pos0.25_dd0.1,"['max_drawdown_pct', 'max_position_fraction']",0.21065144346948747,5.0,0.12499999999997158,True,atr_breakout,breakout_atr,1d,14.570063812557214,1,0.2501,insufficient_trades,['trade_count=1 < 5']
SOL,100.00000000000048,True,40.0,7.599703656031082,54.894981948445796,0.1,0.25,0.9969,2872,pos0.25_dd0.1,"['max_daily_loss_pct', 'max_drawdown_pct', 'max_position_fraction']",0.5612688143379748,5.0,0.949925104651669,True,trend_following,trend_ema_donchian,4h,58.78298642001071,9,1.8999,insufficient_trades,['trade_count=9 < 10']
SOL,99.99999999999851,True,40.0,7.635540154248345,55.51680322714107,0.1,0.25,0.9628,233,pos0.25_dd0.1,"['max_daily_loss_pct', 'max_drawdown_pct', 'max_position_fraction']",0.5773554199528462,5.0,0.9544054272278117,True,breakout,breakout_atr,4h,62.869017074033216,9,1.9089,insufficient_trades,['trade_count=9 < 10']
SOL,100.00000000000023,True,40.0,162.68324763438258,19.771988757333343,0.1,0.25,0.85,1162,pos0.25_dd0.1,['max_drawdown_pct'],-0.5062297004859793,5.0,20.335391711533816,True,mean_reversion,rsi_bollinger_mr,4h,-14.896806100227911,205,40.6708,blocked_risk,"['max_drawdown_pct=19.77', 'risk_denial_rate=85.00%', 'safety_stop']"
SOL,100.0000000000023,True,40.0,3.05019873136174,3.39130635225898,0.1,0.25,0.0,0,pos0.25_dd0.1,[],-0.8998685807639035,5.0,0.3812672461377815,False,grid,grid,4h,-3.38125956196925,8,0.7625,insufficient_trades,['trade_count=8 < 10']
SOL,99.99999999999983,True,40.0,12.444715895181195,55.31769365590263,0.1,0.25,0.9946,2746,pos0.25_dd0.1,"['max_drawdown_pct', 'max_position_fraction']",0.5665108530692269,5.0,1.5555517437402955,True,ema_crossover,trend_ema_donchian,4h,60.17822814824133,15,3.1112,blocked_risk,"['max_drawdown_pct=55.32', 'risk_denial_rate=99.46%', 'safety_stop']"
SOL,99.99999999999851,True,40.0,7.635540154248345,55.51680322714107,0.1,0.25,0.9623,230,pos0.25_dd0.1,"['max_daily_loss_pct', 'max_drawdown_pct', 'max_position_fraction']",0.5773554199528462,5.0,0.9544054272278117,True,donchian_breakout,trend_ema_donchian,4h,62.869017074033216,9,1.9089,insufficient_trades,['trade_count=9 < 10']
SOL,99.99999999999946,True,40.0,94.74152590778593,20.127248197795605,0.1,0.25,0.9267,1517,pos0.25_dd0.1,['max_drawdown_pct'],-0.14671116844109142,5.0,11.84270463502773,True,rsi_mean_reversion,rsi_bollinger_mr,4h,-5.099800682081809,120,23.6854,blocked_risk,"['max_drawdown_pct=20.13', 'risk_denial_rate=92.67%', 'safety_stop']"
SOL,99.99999999999956,True,40.0,112.44270810210159,14.942542096519343,0.1,0.25,0.5723,190,pos0.25_dd0.1,['max_drawdown_pct'],-0.2541995115515511,5.0,14.055354146893507,True,bollinger_mean_reversion,rsi_bollinger_mr,4h,-6.396153377034534,142,28.1107,blocked_risk,"['risk_denial_rate=57.23%', 'safety_stop']"
SOL,99.99999999999886,True,40.0,53.04927787267272,7.435682772856146,0.1,0.25,0.0,0,pos0.25_dd0.1,[],-1.7214078399210466,5.0,6.63115825671062,False,atr_breakout,breakout_atr,4h,-6.558992705420668,68,13.2623,blocked_costs,['cost_drag_pct=100.00']
SOL,99.9999999999987,True,40.0,93.22309329133834,11.459077375019499,0.1,0.25,0.8433,829,pos0.25_dd0.1,['max_drawdown_pct'],-0.19279296782640462,5.0,11.652902826964748,True,trend_following,trend_ema_donchian,1h,-4.021380016641729,154,23.3058,blocked_risk,"['risk_denial_rate=84.33%', 'safety_stop']"
SOL,99.99999999999935,True,40.0,73.86281967949483,16.44689892865475,0.1,0.25,0.5551,151,pos0.25_dd0.1,"['max_daily_loss_pct', 'max_drawdown_pct']",-0.3692357388971728,5.0,9.232833092114106,True,breakout,breakout_atr,1h,-7.2865785265618,121,18.4657,blocked_risk,"['max_drawdown_pct=16.45', 'risk_denial_rate=55.51%', 'safety_stop']"
SOL,99.99999999999997,True,40.0,111.09627780511747,12.439621731901866,0.1,0.25,0.8184,865,pos0.25_dd0.1,['max_drawdown_pct'],-0.7744323876488979,5.0,13.887044021215104,True,mean_reversion,rsi_bollinger_mr,1h,-8.78010144463011,192,27.7741,blocked_risk,"['risk_denial_rate=81.84%', 'safety_stop']"
SOL,99.99999999999987,True,40.0,6.294833297928048,10.107674245551133,0.1,0.25,0.0741,2,pos0.25_dd0.1,"['max_drawdown_pct', 'max_trades_per_day']",-0.13996670250085075,5.0,0.7868344386097803,True,grid,grid,1h,-2.525254870557228,25,1.5737,blocked_risk,['safety_stop']
SOL,100.00000000000088,True,40.0,78.17798381829586,17.14043758733509,0.1,0.25,0.9525,2589,pos0.25_dd0.1,['max_drawdown_pct'],-0.5094729790180313,5.0,9.772227897039187,True,ema_crossover,trend_ema_donchian,1h,-9.373757003040202,129,19.5445,blocked_risk,"['max_drawdown_pct=17.14', 'risk_denial_rate=95.25%', 'safety_stop']"
SOL,100.00000000000038,True,40.0,69.59375728620329,17.022354669016508,0.1,0.25,0.5936,168,pos0.25_dd0.1,"['max_daily_loss_pct', 'max_drawdown_pct']",-0.4784806630346479,5.0,8.699197681458003,True,donchian_breakout,trend_ema_donchian,1h,-8.997632713350834,115,17.3984,blocked_risk,"['max_drawdown_pct=17.02', 'risk_denial_rate=59.36%', 'safety_stop']"
SOL,100.00000000000044,True,40.0,86.91429824264685,11.027653209386337,0.1,0.25,0.9162,1662,pos0.25_dd0.1,['max_drawdown_pct'],-1.1553417591160444,5.0,10.864288743676383,True,rsi_mean_reversion,rsi_bollinger_mr,1h,-9.1925200039919,152,21.7286,blocked_risk,"['risk_denial_rate=91.62%', 'safety_stop']"
SOL,99.99999999999993,True,40.0,143.95644405240193,17.34357311781923,0.1,0.25,0.9569,5557,pos0.25_dd0.1,['max_drawdown_pct'],-0.6916814695570728,5.0,17.99457246933855,True,bollinger_mean_reversion,rsi_bollinger_mr,1h,-9.409985641600258,250,35.9891,blocked_risk,"['max_drawdown_pct=17.34', 'risk_denial_rate=95.69%', 'safety_stop']"
SOL,100.00000000000023,True,40.0,50.24237096229394,5.567077115037989,0.1,0.25,0.0,0,pos0.25_dd0.1,[],-2.015013265126364,5.0,6.280296583260167,False,atr_breakout,breakout_atr,1h,-5.567077115037989,86,12.5606,blocked_costs,['cost_drag_pct=100.00']
BTC,99.99999999999741,True,40.0,1.9956335539273753,17.366186687153014,0.15,0.25,0.9978,918,pos0.25_dd0.15,"['max_drawdown_pct', 'max_position_fraction']",0.019942792691871162,5.0,0.24945392120147858,True,trend_following,trend_ema_donchian,1d,-0.33372450720835334,2,0.4989,insufficient_trades,['trade_count=2 < 5']
BTC,100.00000000000104,True,40.0,1.0005,29.822291454692895,0.15,0.25,0.9846,64,pos0.25_dd0.15,"['max_drawdown_pct', 'max_position_fraction']",0.3234182335969331,5.0,0.125,True,breakout,breakout_atr,1d,29.593631449828173,1,0.2501,insufficient_trades,['trade_count=1 < 5']
BTC,100.00000000000169,True,40.0,4.929375931222475,31.9520922906117,0.15,0.25,0.9972,1784,pos0.25_dd0.15,"['max_drawdown_pct', 'max_position_fraction']",0.3416042767551563,5.0,0.6161080164635848,True,mean_reversion,rsi_bollinger_mr,1d,34.41650353628997,5,1.2323,blocked_risk,"['max_drawdown_pct=31.95', 'risk_denial_rate=99.72%', 'safety_stop']"
BTC,100.00000000000078,True,40.0,4.929284929876005,23.049828460848964,0.15,0.25,0.0769,1,pos0.25_dd0.15,['max_position_fraction'],0.41123238763316533,5.0,0.616126915056384,False,grid,grid,1d,32.431857916047576,12,1.2323,blocked_risk,"['max_drawdown_pct=23.05', 'grid_max_inventory']"
BTC,100.00000000000104,True,40.0,1.0005,28.896104869911998,0.15,0.25,0.9988,850,pos0.25_dd0.15,"['max_drawdown_pct', 'max_position_fraction']",0.30812190905699743,5.0,0.125,True,ema_crossover,trend_ema_donchian,1d,26.866108667583283,1,0.2501,insufficient_trades,['trade_count=1 < 5']
BTC,100.00000000000104,True,40.0,1.0005,29.822291454692895,0.15,0.25,0.9841,62,pos0.25_dd0.15,"['max_drawdown_pct', 'max_position_fraction']",0.3234182335969331,5.0,0.125,True,donchian_breakout,trend_ema_donchian,1d,29.593631449828173,1,0.2501,insufficient_trades,['trade_count=1 < 5']
BTC,99.99999999999852,True,40.0,1.0005,33.00818302195395,0.15,0.25,0.9994,1759,pos0.25_dd0.15,"['max_drawdown_pct', 'max_position_fraction']",0.37281595543751866,5.0,0.12499999999997158,True,rsi_mean_reversion,rsi_bollinger_mr,1d,39.860184459313174,1,0.2501,insufficient_trades,['trade_count=1 < 5']
BTC,99.99999999999953,True,40.0,2.9893593809238,33.00818302195396,0.15,0.25,0.9983,1777,pos0.25_dd0.15,"['max_drawdown_pct', 'max_position_fraction']",0.3680967383112934,5.0,0.37360722898347376,True,bollinger_mean_reversion,rsi_bollinger_mr,1d,39.29766283257257,3,0.7473,insufficient_trades,['trade_count=3 < 5']
BTC,100.00000000000104,True,40.0,1.0005,34.61102607693445,0.15,0.25,0.9991,1137,pos0.25_dd0.15,"['max_drawdown_pct', 'max_position_fraction']",0.5726590520906845,5.0,0.125,True,atr_breakout,breakout_atr,1d,82.7586227969165,1,0.2501,insufficient_trades,['trade_count=1 < 5']
BTC,100.00000000000193,True,40.0,100.32813241962512,8.201257887012611,0.15,0.25,0.0,0,pos0.25_dd0.15,[],0.41730045395691273,5.0,12.54106489525094,False,trend_following,trend_ema_donchian,4h,8.050199948175532,116,25.082,blocked_costs,['cost_drag_pct=100.00']
BTC,99.99999999999996,True,40.0,94.2201063934351,15.368804000069957,0.15,0.25,0.234,33,pos0.25_dd0.15,['max_position_fraction'],0.24493729262685948,5.0,11.777552715630776,False,breakout,breakout_atr,4h,5.1668152220675205,108,23.555,blocked_risk,['max_drawdown_pct=15.37']
BTC,100.00000000000007,True,40.0,154.51344734453497,16.221568213598296,0.15,0.25,0.3544,112,pos0.25_dd0.15,['max_drawdown_pct'],-1.0055130542723991,5.0,19.314189484940442,True,mean_reversion,rsi_bollinger_mr,4h,-13.956013474105031,204,38.6284,blocked_risk,"['max_drawdown_pct=16.22', 'risk_denial_rate=35.44%', 'safety_stop']"
BTC,100.0000000000077,True,40.0,0.957813634257716,30.204954389996182,0.15,0.25,0.0,0,pos0.25_dd0.15,[],0.7227964080142112,5.0,0.11966687084677119,False,grid,grid,4h,48.106746578666616,3,0.2395,insufficient_trades,['trade_count=3 < 10']
BTC,99.99999999999937,True,40.0,15.148349824411108,26.311635605168426,0.15,0.25,0.9924,2469,pos0.25_dd0.15,"['max_daily_loss_pct', 'max_drawdown_pct', 'max_position_fraction']",0.6242313902709591,5.0,1.8934947064423966,True,ema_crossover,trend_ema_donchian,4h,33.018166944345786,19,3.7871,blocked_risk,"['max_drawdown_pct=26.31', 'risk_denial_rate=99.24%', 'safety_stop']"
BTC,100.0000000000002,True,40.0,87.2998732335086,15.544028230935986,0.15,0.25,0.3377,52,pos0.25_dd0.15,"['max_drawdown_pct', 'max_position_fraction']",0.08116553740446077,5.0,10.912511201754768,True,donchian_breakout,trend_ema_donchian,4h,0.9977884131064115,102,21.825,blocked_risk,"['max_drawdown_pct=15.54', 'risk_denial_rate=33.77%', 'safety_stop']"
BTC,100.0000000000006,True,40.0,140.2370508142849,21.077391498735235,0.15,0.25,0.8543,1085,pos0.25_dd0.15,['max_drawdown_pct'],-1.1216543937097578,5.0,17.52959296676204,True,rsi_mean_reversion,rsi_bollinger_mr,4h,-17.607361504751136,185,35.0593,blocked_risk,"['max_drawdown_pct=21.08', 'risk_denial_rate=85.43%', 'safety_stop']"
BTC,100.00000000000011,True,40.0,163.5734188139457,18.41315335000527,0.15,0.25,0.7104,525,pos0.25_dd0.15,['max_drawdown_pct'],-0.863655870019834,5.0,20.44668950602218,True,bollinger_mean_reversion,rsi_bollinger_mr,4h,-13.54029841638146,214,40.8934,blocked_risk,"['max_drawdown_pct=18.41', 'risk_denial_rate=71.04%', 'safety_stop']"
BTC,99.99999999999952,True,40.0,56.811258758431165,4.846769434708892,0.15,0.25,0.0,0,pos0.25_dd0.15,[],-1.612158648913209,5.0,7.10141250421222,False,atr_breakout,breakout_atr,4h,-4.327503504476067,72,14.2028,blocked_costs,['cost_drag_pct=100.00']
BTC,100.00000000000068,True,40.0,102.43286311565647,14.242268000150348,0.15,0.25,0.0,0,pos0.25_dd0.15,[],-0.9002564574761028,5.0,12.804114649146499,False,trend_following,trend_ema_donchian,1h,-8.819821413105739,172,25.6082,blocked_costs,['cost_drag_pct=100.00']
BTC,100.00000000000024,True,40.0,106.27548052211768,13.33568906297757,0.15,0.25,0.0,0,pos0.25_dd0.15,[],-1.011970302034506,5.0,13.284440704361941,False,breakout,breakout_atr,1h,-9.70035265265767,184,26.5689,blocked_costs,['cost_drag_pct=100.00']
BTC,100.00000000000011,True,40.0,158.622132595004,15.658850951512868,0.15,0.25,0.5786,390,pos0.25_dd0.15,['max_drawdown_pct'],-2.179193662469904,5.0,19.827774000810223,True,mean_reversion,rsi_bollinger_mr,1h,-14.874416030799717,284,39.6555,blocked_risk,"['max_drawdown_pct=15.66', 'risk_denial_rate=57.86%', 'safety_stop']"
BTC,100.00000000000631,True,40.0,3.0605643289785402,6.965532347887926,0.15,0.25,0.0,0,pos0.25_dd0.15,[],0.2321686638045474,5.0,0.382553187690867,False,grid,grid,1h,1.91663868740053,11,0.7651,insufficient_trades,['trade_count=11 < 20']
BTC,99.99999999999979,True,40.0,101.8456063124138,15.062700641093263,0.15,0.25,0.8219,794,pos0.25_dd0.15,['max_drawdown_pct'],-1.0417283231138965,5.0,12.730705420672251,True,ema_crossover,trend_ema_donchian,1h,-9.604982333930456,172,25.4614,blocked_risk,"['max_drawdown_pct=15.06', 'risk_denial_rate=82.19%', 'safety_stop']"
BTC,99.99999999999939,True,40.0,103.99930819290702,12.627666553415793,0.15,0.25,0.0,0,pos0.25_dd0.15,[],-0.9733673158457626,5.0,12.999919558068768,False,donchian_breakout,trend_ema_donchian,1h,-9.286340075608848,180,25.9998,blocked_costs,['cost_drag_pct=100.00']
BTC,100.00000000000023,True,40.0,189.53130937542556,15.425691059039814,0.15,0.25,0.7358,958,pos0.25_dd0.15,['max_drawdown_pct'],-2.340086689495035,5.0,23.69142978636461,True,rsi_mean_reversion,rsi_bollinger_mr,1h,-14.876498341018396,344,47.3828,blocked_risk,"['max_drawdown_pct=15.43', 'risk_denial_rate=73.58%', 'safety_stop']"
BTC,99.99999999999959,True,40.0,154.24243035837947,15.523963276617032,0.15,0.25,0.7024,656,pos0.25_dd0.15,['max_drawdown_pct'],-2.746500615326299,5.0,19.280309647100438,True,bollinger_mean_reversion,rsi_bollinger_mr,1h,-15.011351965285973,278,38.5606,blocked_risk,"['max_drawdown_pct=15.52', 'risk_denial_rate=70.24%', 'safety_stop']"
BTC,99.99999999999962,True,40.0,82.69194276370725,8.387945677369112,0.15,0.25,0.0,0,pos0.25_dd0.15,[],-4.15823128909633,5.0,10.336495132707483,False,atr_breakout,breakout_atr,1h,-8.387945677369112,144,20.673,blocked_costs,['cost_drag_pct=100.00']
ETH,99.99999999999852,True,40.0,1.0005,30.21986086852851,0.15,0.25,0.9989,922,pos0.25_dd0.15,"['max_drawdown_pct', 'max_position_fraction']",0.025158212760746042,5.0,0.12499999999997158,True,trend_following,trend_ema_donchian,1d,-4.6878550523028935,1,0.2501,insufficient_trades,['trade_count=1 < 5']
ETH,100.00000000000104,True,40.0,1.0005,31.298207817577296,0.15,0.25,0.9848,65,pos0.25_dd0.15,"['max_drawdown_pct', 'max_position_fraction']",0.04165456235414411,5.0,0.125,True,breakout,breakout_atr,1d,-3.4838499784711305,1,0.2501,insufficient_trades,['trade_count=1 < 5']
ETH,100.00000000000047,True,40.0,4.652126755777484,37.53533180545161,0.15,0.25,0.9972,1775,pos0.25_dd0.15,"['max_drawdown_pct', 'max_position_fraction']",0.08764662456591932,5.0,0.5814444164393251,True,mean_reversion,rsi_bollinger_mr,1d,-0.8674449825551505,5,1.163,blocked_risk,"['max_drawdown_pct=37.54', 'risk_denial_rate=99.72%', 'safety_stop']"
ETH,99.99999999999683,True,40.0,4.046576425046039,21.8027593081188,0.15,0.25,0.0909,1,pos0.25_dd0.15,['max_position_fraction'],0.11238684046906582,5.0,0.5057846417476952,False,grid,grid,1d,4.703949528043881,10,1.0116,blocked_risk,['max_drawdown_pct=21.80']
ETH,100.00000000000608,True,40.0,1.0004999999999997,32.59933440276795,0.15,0.25,0.9989,917,pos0.25_dd0.15,"['max_drawdown_pct', 'max_position_fraction']",0.06075208308084218,5.0,0.12499999999994316,True,ema_crossover,trend_ema_donchian,1d,-1.9570894413543785,1,0.2501,insufficient_trades,['trade_count=1 < 5']
ETH,100.00000000000104,True,40.0,1.0005,31.298207817577296,0.15,0.25,0.9848,65,pos0.25_dd0.15,"['max_drawdown_pct', 'max_position_fraction']",0.04165456235414411,5.0,0.125,True,donchian_breakout,trend_ema_donchian,1d,-3.4838499784711305,1,0.2501,insufficient_trades,['trade_count=1 < 5']
ETH,100.00000000000074,True,40.0,2.9921371192094983,36.401663901539564,0.15,0.25,0.9983,1779,pos0.25_dd0.15,"['max_drawdown_pct', 'max_position_fraction']",0.110436746133411,5.0,0.3739545507158937,True,rsi_mean_reversion,rsi_bollinger_mr,1d,2.678020678913549,3,0.748,insufficient_trades,['trade_count=3 < 5']
ETH,99.99999999999929,True,40.0,18.974482616885485,36.940760129436626,0.15,0.25,0.9845,1338,pos0.25_dd0.15,"['max_drawdown_pct', 'max_position_fraction']",0.14295658943670603,5.0,2.371727397437354,True,bollinger_mean_reversion,rsi_bollinger_mr,1d,6.406125990674832,21,4.7436,blocked_risk,"['max_drawdown_pct=36.94', 'risk_denial_rate=98.45%', 'safety_stop']"
ETH,100.00000000000111,True,40.0,8.703280488529254,29.694574735203496,0.15,0.25,0.99,892,pos0.25_dd0.15,"['max_drawdown_pct', 'max_position_fraction']",0.07473498712973076,5.0,1.0878413802334705,True,atr_breakout,breakout_atr,1d,0.3635724254230809,9,2.1758,blocked_risk,"['max_drawdown_pct=29.69', 'risk_denial_rate=99.00%', 'safety_stop']"
ETH,99.99999999999935,True,40.0,52.34942360002013,22.293072467052415,0.15,0.25,0.9564,1403,pos0.25_dd0.15,"['max_drawdown_pct', 'max_position_fraction']",-0.005534161329817119,5.0,6.543689721594859,True,trend_following,trend_ema_donchian,4h,-1.1806740988652222,64,13.0874,blocked_risk,"['max_drawdown_pct=22.29', 'risk_denial_rate=95.64%', 'safety_stop']"
ETH,100.00000000000159,True,40.0,70.21975925308398,22.12222308584408,0.15,0.25,0.4724,77,pos0.25_dd0.15,"['max_daily_loss_pct', 'max_drawdown_pct', 'max_position_fraction']",0.0319171867598179,5.0,8.77748778024278,True,breakout,breakout_atr,4h,-0.7502813451207203,86,17.5549,blocked_risk,"['max_drawdown_pct=22.12', 'risk_denial_rate=47.24%', 'safety_stop']"
ETH,99.99999999999996,True,40.0,85.74212796636765,15.79238827082396,0.15,0.25,0.7667,368,pos0.25_dd0.15,['max_drawdown_pct'],-1.1550018940829538,5.0,10.717754757773804,True,mean_reversion,rsi_bollinger_mr,4h,-14.141196667696146,112,21.4355,blocked_risk,"['max_drawdown_pct=15.79', 'risk_denial_rate=76.67%', 'safety_stop']"
ETH,100.00000000000453,True,40.0,3.396139164328235,14.223746207484847,0.15,0.25,0.0,0,pos0.25_dd0.15,[],0.09737489292350994,5.0,0.4244926443626156,False,grid,grid,4h,1.4333479274415482,9,0.849,insufficient_trades,['trade_count=9 < 10']
ETH,100.00000000000009,True,40.0,94.35727705920215,23.01311508494842,0.15,0.25,0.8436,642,pos0.25_dd0.15,"['max_drawdown_pct', 'max_position_fraction']",-0.20771485266590212,5.0,11.794625157771264,True,ema_crossover,trend_ema_donchian,4h,-7.370180015594087,119,23.5893,blocked_risk,"['max_drawdown_pct=23.01', 'risk_denial_rate=84.36%', 'safety_stop']"
ETH,99.99999999999952,True,40.0,85.30422147463493,20.94463153086481,0.15,0.25,0.25,35,pos0.25_dd0.15,"['max_drawdown_pct', 'max_position_fraction']",-0.1013559968562928,5.0,10.662996876133064,True,donchian_breakout,trend_ema_donchian,4h,-4.367666386845599,105,21.3261,blocked_risk,"['max_drawdown_pct=20.94', 'safety_stop']"
ETH,99.99999999999947,True,40.0,75.75274158730376,16.337417688072115,0.15,0.25,0.8397,524,pos0.25_dd0.15,['max_drawdown_pct'],-1.246008639862706,5.0,9.46907738973286,True,rsi_mean_reversion,rsi_bollinger_mr,4h,-14.64565358966695,100,18.9382,blocked_risk,"['max_drawdown_pct=16.34', 'risk_denial_rate=83.97%', 'safety_stop']"
ETH,100.00000000000017,True,40.0,100.4863938877495,17.1905291183728,0.15,0.25,0.6049,199,pos0.25_dd0.15,['max_drawdown_pct'],-0.992618531924062,5.0,12.560793354167885,True,bollinger_mean_reversion,rsi_bollinger_mr,4h,-13.657438543237765,130,25.1216,blocked_risk,"['max_drawdown_pct=17.19', 'risk_denial_rate=60.49%', 'safety_stop']"
ETH,100.00000000000031,True,40.0,54.23968264674268,2.220518446525475,0.15,0.25,0.0,0,pos0.25_dd0.15,[],-0.1307945968723364,5.0,6.779974031139886,False,atr_breakout,breakout_atr,4h,-0.6218465213039395,68,13.5599,blocked_costs,['cost_drag_pct=100.00']
ETH,100.00000000000058,True,40.0,97.07334248822337,13.015520672152764,0.15,0.25,0.0,0,pos0.25_dd0.15,[],-0.632771182438015,5.0,12.134172621895303,False,trend_following,trend_ema_donchian,1h,-8.996404019255237,166,24.2683,blocked_costs,['cost_drag_pct=100.00']
ETH,99.99999999999999,True,40.0,100.04648720941917,10.522803551436628,0.15,0.25,0.0,0,pos0.25_dd0.15,[],-0.4109599336430366,5.0,12.505824913278161,False,breakout,breakout_atr,1h,-5.650390369871093,170,25.0116,blocked_costs,['cost_drag_pct=100.00']
ETH,100.00000000000054,True,40.0,137.6603860040599,16.270019346613772,0.15,0.25,0.726,657,pos0.25_dd0.15,"['max_drawdown_pct', 'max_trades_per_day']",-1.5391998618554883,5.0,17.207550528901407,True,mean_reversion,rsi_bollinger_mr,1h,-14.575435359267717,248,34.4151,blocked_risk,"['max_drawdown_pct=16.27', 'risk_denial_rate=72.60%', 'safety_stop']"
ETH,99.99999999999977,True,40.0,5.716102644226914,11.40413364282061,0.15,0.25,0.0,0,pos0.25_dd0.15,[],-0.07783737992853708,5.0,0.7144898356516265,False,grid,grid,1h,-1.2731889497108113,23,1.429,blocked_costs,['cost_drag_pct=100.00']
ETH,100.00000000000068,True,40.0,99.57792318097414,15.577649782424144,0.15,0.25,0.8853,1343,pos0.25_dd0.15,['max_drawdown_pct'],-0.9257254661287903,5.0,12.447239343657998,True,ema_crossover,trend_ema_donchian,1h,-11.624101144705287,174,24.8945,blocked_risk,"['max_drawdown_pct=15.58', 'risk_denial_rate=88.53%', 'safety_stop']"
ETH,99.99999999999899,True,40.0,99.75851895172609,10.652503551742402,0.15,0.25,0.0,0,pos0.25_dd0.15,[],-0.45278032108027877,5.0,12.469827421727203,False,donchian_breakout,trend_ema_donchian,1h,-6.201729546777961,170,24.9396,blocked_costs,['cost_drag_pct=100.00']
ETH,99.99999999999974,True,40.0,117.94812159307143,21.511035486303843,0.15,0.25,0.9568,4736,pos0.25_dd0.15,['max_drawdown_pct'],-1.4641820780306776,5.0,14.743511143769922,True,rsi_mean_reversion,rsi_bollinger_mr,1h,-14.891308198622678,214,29.487,blocked_risk,"['max_drawdown_pct=21.51', 'risk_denial_rate=95.68%', 'safety_stop']"
ETH,99.99999999999974,True,40.0,137.82545629051577,21.600429354378992,0.15,0.25,0.9438,4198,pos0.25_dd0.15,['max_drawdown_pct'],-1.4629204755588292,5.0,17.228183449669814,True,bollinger_mean_reversion,rsi_bollinger_mr,1h,-14.940021134980611,250,34.4564,blocked_risk,"['max_drawdown_pct=21.60', 'risk_denial_rate=94.38%', 'safety_stop']"
ETH,99.99999999999946,True,40.0,64.5427814019404,5.896426506088372,0.15,0.25,0.0,0,pos0.25_dd0.15,[],-2.3654143995911197,5.0,8.067853054301764,False,atr_breakout,breakout_atr,1h,-5.109439380546519,110,16.1357,blocked_costs,['cost_drag_pct=100.00']
SOL,100.00000000000104,True,40.0,1.0005,67.02216073763881,0.15,0.25,0.9989,907,pos0.25_dd0.15,"['max_drawdown_pct', 'max_position_fraction']",0.28212235136459923,5.0,0.125,True,trend_following,trend_ema_donchian,1d,31.308432735723773,1,0.2501,insufficient_trades,['trade_count=1 < 5']
SOL,100.00000000000104,True,40.0,1.0005,67.5157553508636,0.15,0.25,0.9867,74,pos0.25_dd0.15,['max_drawdown_pct'],0.2870233873697605,5.0,0.125,True,breakout,breakout_atr,1d,32.6996098084041,1,0.2501,insufficient_trades,['trade_count=1 < 5']
SOL,99.99999999999628,True,40.0,2.9832706320461737,73.45184210684857,0.15,0.25,0.9983,1780,pos0.25_dd0.15,"['max_drawdown_pct', 'max_position_fraction']",0.34786601575537046,5.0,0.3728459064286085,True,mean_reversion,rsi_bollinger_mr,1d,53.337531312924234,3,0.7458,insufficient_trades,['trade_count=3 < 5']
SOL,100.00000000000757,True,40.0,0.7916497921661367,67.26230177255812,0.15,0.25,0.8182,9,pos0.25_dd0.15,"['max_drawdown_pct', 'max_position_fraction']",0.3113379194775673,5.0,0.09890677063545184,True,grid,grid,1d,41.21793433821013,2,0.1979,insufficient_trades,['trade_count=2 < 5']
SOL,99.99999999999791,True,40.0,2.6598710269739967,67.5157553508636,0.15,0.25,0.9967,919,pos0.25_dd0.15,"['max_drawdown_pct', 'max_position_fraction']",0.25941111771782793,5.0,0.3324087955333255,True,ema_crossover,trend_ema_donchian,1d,23.45016690438938,3,0.665,insufficient_trades,['trade_count=3 < 5']
SOL,100.00000000000104,True,40.0,1.0005,67.5157553508636,0.15,0.25,0.9865,73,pos0.25_dd0.15,['max_drawdown_pct'],0.2870233873697605,5.0,0.125,True,donchian_breakout,trend_ema_donchian,1d,32.6996098084041,1,0.2501,insufficient_trades,['trade_count=1 < 5']
SOL,99.99999999999966,True,40.0,2.9832706320461737,75.67915347167983,0.15,0.25,0.9983,1777,pos0.25_dd0.15,"['max_drawdown_pct', 'max_position_fraction']",0.3738208460390172,5.0,0.3728459064286085,True,rsi_mean_reversion,rsi_bollinger_mr,1d,64.51529200445445,3,0.7458,insufficient_trades,['trade_count=3 < 5']
SOL,99.99999999999628,True,40.0,2.9832706320461737,73.45184210684857,0.15,0.25,0.9983,1780,pos0.25_dd0.15,"['max_drawdown_pct', 'max_position_fraction']",0.34786601575537046,5.0,0.3728459064286085,True,bollinger_mean_reversion,rsi_bollinger_mr,1d,53.337531312924234,3,0.7458,insufficient_trades,['trade_count=3 < 5']
SOL,99.99999999999852,True,40.0,1.0005,59.4089662547326,0.15,0.25,0.9994,1630,pos0.25_dd0.15,"['max_drawdown_pct', 'max_position_fraction']",0.21065144346948747,5.0,0.12499999999997158,True,atr_breakout,breakout_atr,1d,14.570063812557214,1,0.2501,insufficient_trades,['trade_count=1 < 5']
SOL,100.00000000000048,True,40.0,7.599703656031082,54.894981948445796,0.15,0.25,0.9969,2872,pos0.25_dd0.15,"['max_daily_loss_pct', 'max_drawdown_pct', 'max_position_fraction']",0.5612688143379748,5.0,0.949925104651669,True,trend_following,trend_ema_donchian,4h,58.78298642001071,9,1.8999,insufficient_trades,['trade_count=9 < 10']
SOL,100.00000000000338,True,40.0,10.780658339512128,55.51680322714107,0.15,0.25,0.9465,230,pos0.25_dd0.15,"['max_daily_loss_pct', 'max_drawdown_pct', 'max_position_fraction']",0.5614585201145115,5.0,1.3475412979917678,True,breakout,breakout_atr,4h,59.169807792118554,13,2.6952,blocked_risk,"['max_drawdown_pct=55.52', 'risk_denial_rate=94.65%', 'safety_stop']"
SOL,100.00000000000064,True,40.0,163.38578124383685,17.182055049369087,0.15,0.25,0.4653,181,pos0.25_dd0.15,['max_drawdown_pct'],-0.38132657375977974,5.0,20.423241523167633,True,mean_reversion,rsi_bollinger_mr,4h,-10.833826195489848,208,40.8464,blocked_risk,"['max_drawdown_pct=17.18', 'risk_denial_rate=46.53%', 'safety_stop']"
SOL,100.0000000000023,True,40.0,3.05019873136174,3.39130635225898,0.15,0.25,0.0,0,pos0.25_dd0.15,[],-0.8998685807639035,5.0,0.3812672461377815,False,grid,grid,4h,-3.38125956196925,8,0.7625,insufficient_trades,['trade_count=8 < 10']
SOL,99.99999999999983,True,40.0,12.444715895181195,55.31769365590263,0.15,0.25,0.9946,2746,pos0.25_dd0.15,"['max_daily_loss_pct', 'max_drawdown_pct', 'max_position_fraction']",0.5665108530692269,5.0,1.5555517437402955,True,ema_crossover,trend_ema_donchian,4h,60.17822814824133,15,3.1112,blocked_risk,"['max_drawdown_pct=55.32', 'risk_denial_rate=99.46%', 'safety_stop']"
SOL,100.00000000000338,True,40.0,10.780658339512128,55.51680322714107,0.15,0.25,0.9458,227,pos0.25_dd0.15,"['max_daily_loss_pct', 'max_drawdown_pct', 'max_position_fraction']",0.5614585201145115,5.0,1.3475412979917678,True,donchian_breakout,trend_ema_donchian,4h,59.169807792118554,13,2.6952,blocked_risk,"['max_drawdown_pct=55.52', 'risk_denial_rate=94.58%', 'safety_stop']"
SOL,99.99999999999987,True,40.0,123.790044233509,16.596667921036605,0.15,0.25,0.6,240,pos0.25_dd0.15,['max_drawdown_pct'],-0.3966366417332683,5.0,15.473764460463997,True,rsi_mean_reversion,rsi_bollinger_mr,4h,-10.353869955051687,160,30.9475,blocked_risk,"['max_drawdown_pct=16.60', 'risk_denial_rate=60.00%', 'safety_stop']"
SOL,99.99999999999953,True,40.0,182.7291195150277,17.692399973546827,0.15,0.25,0.4979,235,pos0.25_dd0.15,['max_drawdown_pct'],-0.40863682531583734,5.0,22.841119705336922,True,bollinger_mean_reversion,rsi_bollinger_mr,4h,-11.871400919499148,237,45.6823,blocked_risk,"['max_drawdown_pct=17.69', 'risk_denial_rate=49.79%', 'safety_stop']"
SOL,99.99999999999886,True,40.0,53.04927787267272,7.435682772856146,0.15,0.25,0.0,0,pos0.25_dd0.15,[],-1.7214078399210466,5.0,6.63115825671062,False,atr_breakout,breakout_atr,4h,-6.558992705420668,68,13.2623,blocked_costs,['cost_drag_pct=100.00']
SOL,99.99999999999879,True,40.0,104.2773098807447,14.240383608670074,0.15,0.25,0.0,0,pos0.25_dd0.15,[],-0.388328403594829,5.0,13.034674751699043,False,trend_following,trend_ema_donchian,1h,-7.3245553689159015,174,26.0693,blocked_costs,['cost_drag_pct=100.00']
SOL,99.99999999999943,True,40.0,85.58389066869762,19.995785678805944,0.15,0.25,0.4139,101,pos0.25_dd0.15,"['max_daily_loss_pct', 'max_drawdown_pct']",-0.6115890319862731,5.0,10.697959031414342,True,breakout,breakout_atr,1h,-11.10817772215746,143,21.396,blocked_risk,"['max_drawdown_pct=20.00', 'risk_denial_rate=41.39%', 'safety_stop']"
SOL,99.99999999999996,True,40.0,120.42571662955447,16.327419173321633,0.15,0.25,0.7796,750,pos0.25_dd0.15,['max_drawdown_pct'],-1.3013615372624237,5.0,15.053213838733242,True,mean_reversion,rsi_bollinger_mr,1h,-13.843876874522199,212,30.1064,blocked_risk,"['max_drawdown_pct=16.33', 'risk_denial_rate=77.96%', 'safety_stop']"
SOL,100.00000000000082,True,40.0,6.527263258555632,10.107674245551133,0.15,0.25,0.037,1,pos0.25_dd0.15,['max_trades_per_day'],-0.08055407374848791,5.0,0.8158736640754896,False,grid,grid,1h,-1.8222484123555889,26,1.6318,blocked_costs,['cost_drag_pct=100.00']
SOL,100.00000000000095,True,40.0,90.99256262834886,15.784015937797037,0.15,0.25,0.8894,1222,pos0.25_dd0.15,['max_drawdown_pct'],-0.4460166637108533,5.0,11.374076167317156,True,ema_crossover,trend_ema_donchian,1h,-7.901153937666481,152,22.7481,blocked_risk,"['max_drawdown_pct=15.78', 'risk_denial_rate=88.94%', 'safety_stop']"
SOL,99.99999999999945,True,40.0,82.25067316498416,20.048371293603147,0.15,0.25,0.435,107,pos0.25_dd0.15,"['max_daily_loss_pct', 'max_drawdown_pct']",-0.6737970614645806,5.0,10.281303702645289,True,donchian_breakout,trend_ema_donchian,1h,-12.094238267190486,139,20.5627,blocked_risk,"['max_drawdown_pct=20.05', 'risk_denial_rate=43.50%', 'safety_stop']"
SOL,100.00000000000004,True,40.0,118.89093115120302,17.393196717795085,0.15,0.25,0.8737,1466,pos0.25_dd0.15,['max_drawdown_pct'],-1.3601305773133767,5.0,14.861364345799984,True,rsi_mean_reversion,rsi_bollinger_mr,1h,-14.194469029160894,212,29.7227,blocked_risk,"['max_drawdown_pct=17.39', 'risk_denial_rate=87.37%', 'safety_stop']"
SOL,99.99999999999989,True,40.0,161.72318979947158,16.459592682788113,0.15,0.25,0.7256,751,pos0.25_dd0.15,['max_drawdown_pct'],-1.473056930774957,5.0,20.215408081051265,True,bollinger_mean_reversion,rsi_bollinger_mr,1h,-14.451412020345492,284,40.4308,blocked_risk,"['max_drawdown_pct=16.46', 'risk_denial_rate=72.56%', 'safety_stop']"
SOL,100.00000000000023,True,40.0,50.24237096229394,5.567077115037989,0.15,0.25,0.0,0,pos0.25_dd0.15,[],-2.015013265126364,5.0,6.280296583260167,False,atr_breakout,breakout_atr,1h,-5.567077115037989,86,12.5606,blocked_costs,['cost_drag_pct=100.00']
BTC,99.99999999999918,True,40.0,10.0575099315489,33.191342895334394,0.25,0.25,0.9826,621,pos0.25_dd0.25,"['max_drawdown_pct', 'max_position_fraction']",0.40648684717772976,5.0,1.257106291120209,True,trend_following,trend_ema_donchian,1d,48.99760610070785,11,2.5144,blocked_risk,"['max_drawdown_pct=33.19', 'risk_denial_rate=98.26%', 'safety_stop']"
BTC,99.99999999999865,True,40.0,8.504558942571164,31.261801404018907,0.25,0.25,0.8364,46,pos0.25_dd0.25,"['max_drawdown_pct', 'max_position_fraction']",0.3908572140673891,5.0,1.0629967486644318,True,breakout,breakout_atr,1d,43.959002189533976,9,2.1261,blocked_risk,"['max_drawdown_pct=31.26', 'risk_denial_rate=83.64%', 'safety_stop']"
BTC,100.00000000000107,True,40.0,12.545883422763502,32.300533806301665,0.25,0.25,0.9924,1694,pos0.25_dd0.25,"['max_drawdown_pct', 'max_position_fraction']",0.364580273742751,5.0,1.5681669087857983,True,mean_reversion,rsi_bollinger_mr,1d,39.841586881392324,13,3.1365,blocked_risk,"['max_drawdown_pct=32.30', 'risk_denial_rate=99.24%', 'safety_stop']"
BTC,100.00000000000078,True,40.0,4.929284929876005,23.049828460848964,0.25,0.25,0.0769,1,pos0.25_dd0.25,['max_position_fraction'],0.41123238763316533,5.0,0.616126915056384,False,grid,grid,1d,32.431857916047576,12,1.2323,blocked_risk,"['max_drawdown_pct=23.05', 'grid_max_inventory']"
BTC,99.99999999999879,True,40.0,10.135491319238842,33.04192385798241,0.25,0.25,0.9837,665,pos0.25_dd0.25,"['max_drawdown_pct', 'max_position_fraction']",0.42078183712983197,5.0,1.2668582772953698,True,ema_crossover,trend_ema_donchian,1d,51.725831006079446,11,2.5339,blocked_risk,"['max_drawdown_pct=33.04', 'risk_denial_rate=98.37%', 'safety_stop']"
BTC,99.99999999999645,True,40.0,8.495586069390841,31.261801404018914,0.25,0.25,0.8333,45,pos0.25_dd0.25,"['max_drawdown_pct', 'max_position_fraction']",0.3892196463473073,5.0,1.0618748021248336,True,donchian_breakout,trend_ema_donchian,1d,43.682724961840854,9,2.1239,blocked_risk,"['max_drawdown_pct=31.26', 'risk_denial_rate=83.33%', 'safety_stop']"
BTC,99.99999999999885,True,40.0,3.947340900987148,25.021307064823844,0.25,0.25,0.9909,436,pos0.25_dd0.25,"['max_drawdown_pct', 'max_position_fraction']",0.01332298827891186,5.0,0.4934153183360479,True,rsi_mean_reversion,rsi_bollinger_mr,1d,-1.3617905298921869,4,0.9868,insufficient_trades,['trade_count=4 < 5']
BTC,99.99999999999736,True,40.0,5.924348004268262,25.021307064823855,0.25,0.25,0.9843,377,pos0.25_dd0.25,"['max_drawdown_pct', 'max_position_fraction']",0.007680257705026775,5.0,0.7405407704650884,True,bollinger_mean_reversion,rsi_bollinger_mr,1d,-1.758516204639511,6,1.4811,blocked_risk,"['max_drawdown_pct=25.02', 'risk_denial_rate=98.43%', 'safety_stop']"
BTC,100.00000000000104,True,40.0,1.0005,34.61102607693445,0.25,0.25,0.9991,1137,pos0.25_dd0.25,"['max_drawdown_pct', 'max_position_fraction']",0.5726590520906845,5.0,0.125,True,atr_breakout,breakout_atr,1d,82.7586227969165,1,0.2501,insufficient_trades,['trade_count=1 < 5']
BTC,100.00000000000193,True,40.0,100.32813241962512,8.201257887012611,0.25,0.25,0.0,0,pos0.25_dd0.25,[],0.41730045395691273,5.0,12.54106489525094,False,trend_following,trend_ema_donchian,4h,8.050199948175532,116,25.082,blocked_costs,['cost_drag_pct=100.00']
BTC,99.99999999999996,True,40.0,94.2201063934351,15.368804000069957,0.25,0.25,0.234,33,pos0.25_dd0.25,['max_position_fraction'],0.24493729262685948,5.0,11.777552715630776,False,breakout,breakout_atr,4h,5.1668152220675205,108,23.555,blocked_risk,['max_drawdown_pct=15.37']
BTC,100.00000000000024,True,40.0,173.22417758463013,19.971160156977138,0.25,0.25,0.0,0,pos0.25_dd0.25,[],-1.0986814212368083,5.0,21.653030520759614,False,mean_reversion,rsi_bollinger_mr,4h,-16.08441409844329,232,43.306,blocked_risk,['max_drawdown_pct=19.97']
BTC,100.0000000000077,True,40.0,0.957813634257716,30.204954389996182,0.25,0.25,0.0,0,pos0.25_dd0.25,[],0.7227964080142112,5.0,0.11966687084677119,False,grid,grid,4h,48.106746578666616,3,0.2395,insufficient_trades,['trade_count=3 < 10']
BTC,99.99999999999937,True,40.0,15.148349824411108,26.311635605168426,0.25,0.25,0.9924,2469,pos0.25_dd0.25,"['max_daily_loss_pct', 'max_drawdown_pct', 'max_position_fraction']",0.6242313902709591,5.0,1.8934947064423966,True,ema_crossover,trend_ema_donchian,4h,33.018166944345786,19,3.7871,blocked_risk,"['max_drawdown_pct=26.31', 'risk_denial_rate=99.24%', 'safety_stop']"
BTC,100.00000000000016,True,40.0,92.16359128228042,16.913947390229044,0.25,0.25,0.223,31,pos0.25_dd0.25,['max_position_fraction'],0.10902280294482958,5.0,11.5204790627227,False,donchian_breakout,trend_ema_donchian,4h,1.692568410866295,108,23.0409,blocked_risk,['max_drawdown_pct=16.91']
BTC,100.00000000000038,True,40.0,167.3597137847603,21.485402956299392,0.25,0.25,0.0,0,pos0.25_dd0.25,[],-1.1990987462218619,5.0,20.919966795197098,False,rsi_mean_reversion,rsi_bollinger_mr,4h,-17.726267236736465,226,41.8399,blocked_risk,['max_drawdown_pct=21.49']
BTC,99.99999999999999,True,40.0,175.90818516547537,18.215453771852673,0.25,0.25,0.0,0,pos0.25_dd0.25,[],-0.9321846323720145,5.0,21.98853830124574,False,bollinger_mean_reversion,rsi_bollinger_mr,4h,-13.727446922722583,232,43.977,blocked_risk,['max_drawdown_pct=18.22']
BTC,99.99999999999952,True,40.0,56.811258758431165,4.846769434708892,0.25,0.25,0.0,0,pos0.25_dd0.25,[],-1.612158648913209,5.0,7.10141250421222,False,atr_breakout,breakout_atr,4h,-4.327503504476067,72,14.2028,blocked_costs,['cost_drag_pct=100.00']
BTC,100.00000000000068,True,40.0,102.43286311565647,14.242268000150348,0.25,0.25,0.0,0,pos0.25_dd0.25,[],-0.9002564574761028,5.0,12.804114649146499,False,trend_following,trend_ema_donchian,1h,-8.819821413105739,172,25.6082,blocked_costs,['cost_drag_pct=100.00']
BTC,100.00000000000024,True,40.0,106.27548052211768,13.33568906297757,0.25,0.25,0.0,0,pos0.25_dd0.25,[],-1.011970302034506,5.0,13.284440704361941,False,breakout,breakout_atr,1h,-9.70035265265767,184,26.5689,blocked_costs,['cost_drag_pct=100.00']
BTC,99.9999999999999,True,40.0,194.64489596056362,21.147465965008898,0.25,0.25,0.0,0,pos0.25_dd0.25,[],-2.7733159839446193,5.0,24.330614472149293,False,mean_reversion,rsi_bollinger_mr,1h,-20.906718579966913,358,48.6612,blocked_risk,['max_drawdown_pct=21.15']
BTC,100.00000000000631,True,40.0,3.0605643289785402,6.965532347887926,0.25,0.25,0.0,0,pos0.25_dd0.25,[],0.2321686638045474,5.0,0.382553187690867,False,grid,grid,1h,1.91663868740053,11,0.7651,insufficient_trades,['trade_count=11 < 20']
BTC,99.99999999999983,True,40.0,109.45315761025056,15.543423317372495,0.25,0.25,0.0,0,pos0.25_dd0.25,[],-1.0696842320372701,5.0,13.68165008586206,False,ema_crossover,trend_ema_donchian,1h,-10.15964780207786,186,27.3633,blocked_risk,['max_drawdown_pct=15.54']
BTC,99.99999999999939,True,40.0,103.99930819290702,12.627666553415793,0.25,0.25,0.0,0,pos0.25_dd0.25,[],-0.9733673158457626,5.0,12.999919558068768,False,donchian_breakout,trend_ema_donchian,1h,-9.286340075608848,180,25.9998,blocked_costs,['cost_drag_pct=100.00']
BTC,100.00000000000007,True,40.0,259.65736232425365,25.250306855548022,0.25,0.25,0.4082,338,pos0.25_dd0.25,['max_drawdown_pct'],-3.6226585064384964,5.0,32.457181083702764,True,rsi_mean_reversion,rsi_bollinger_mr,1h,-24.89418456200216,490,64.9143,blocked_risk,"['max_drawdown_pct=25.25', 'risk_denial_rate=40.82%', 'safety_stop']"
BTC,99.9999999999996,True,40.0,255.91076952519762,25.192598870421694,0.25,0.25,0.416,349,pos0.25_dd0.25,['max_drawdown_pct'],-4.073380903634021,5.0,31.988855551627168,True,bollinger_mean_reversion,rsi_bollinger_mr,1h,-25.045570156542396,490,63.9777,blocked_risk,"['max_drawdown_pct=25.19', 'risk_denial_rate=41.60%', 'safety_stop']"
BTC,99.99999999999962,True,40.0,82.69194276370725,8.387945677369112,0.25,0.25,0.0,0,pos0.25_dd0.25,[],-4.15823128909633,5.0,10.336495132707483,False,atr_breakout,breakout_atr,1h,-8.387945677369112,144,20.673,blocked_costs,['cost_drag_pct=100.00']
ETH,99.99999999999987,True,40.0,7.467731448595675,27.38577090284241,0.25,0.25,0.989,716,pos0.25_dd0.25,"['max_drawdown_pct', 'max_position_fraction']",-0.13169431939924173,5.0,0.9334452043806607,True,trend_following,trend_ema_donchian,1d,-9.330795143642048,8,1.8669,blocked_risk,"['max_drawdown_pct=27.39', 'risk_denial_rate=98.90%', 'safety_stop']"
ETH,99.99999999999912,True,40.0,11.355256302445895,27.791808934952776,0.25,0.25,0.7966,47,pos0.25_dd0.25,"['max_drawdown_pct', 'max_position_fraction']",0.01763551584985185,5.0,1.4193926658895464,True,breakout,breakout_atr,1d,-7.026231315935763,12,2.8388,blocked_risk,"['max_drawdown_pct=27.79', 'risk_denial_rate=79.66%', 'safety_stop']"
ETH,100.00000000000047,True,40.0,4.652126755777484,37.53533180545161,0.25,0.25,0.9972,1775,pos0.25_dd0.25,"['max_drawdown_pct', 'max_position_fraction']",0.08764662456591932,5.0,0.5814444164393251,True,mean_reversion,rsi_bollinger_mr,1d,-0.8674449825551505,5,1.163,blocked_risk,"['max_drawdown_pct=37.54', 'risk_denial_rate=99.72%', 'safety_stop']"
ETH,99.99999999999683,True,40.0,4.046576425046039,21.8027593081188,0.25,0.25,0.0909,1,pos0.25_dd0.25,['max_position_fraction'],0.11238684046906582,5.0,0.5057846417476952,False,grid,grid,1d,4.703949528043881,10,1.0116,blocked_risk,['max_drawdown_pct=21.80']
ETH,100.00000000000311,True,40.0,8.67024676142096,30.55931267260523,0.25,0.25,0.9887,790,pos0.25_dd0.25,"['max_drawdown_pct', 'max_position_fraction']",0.09534871759292173,5.0,1.0837122968897859,True,ema_crossover,trend_ema_donchian,1d,0.9699177632786814,9,2.1676,blocked_risk,"['max_drawdown_pct=30.56', 'risk_denial_rate=98.87%', 'safety_stop']"
ETH,99.99999999999912,True,40.0,11.355256302445895,27.791808934952776,0.25,0.25,0.7966,47,pos0.25_dd0.25,"['max_drawdown_pct', 'max_position_fraction']",0.01763551584985185,5.0,1.4193926658895464,True,donchian_breakout,trend_ema_donchian,1d,-7.026231315935763,12,2.8388,blocked_risk,"['max_drawdown_pct=27.79', 'risk_denial_rate=79.66%', 'safety_stop']"
ETH,100.00000000000074,True,40.0,2.9921371192094983,36.401663901539564,0.25,0.25,0.9983,1779,pos0.25_dd0.25,"['max_drawdown_pct', 'max_position_fraction']",0.110436746133411,5.0,0.3739545507158937,True,rsi_mean_reversion,rsi_bollinger_mr,1d,2.678020678913549,3,0.748,insufficient_trades,['trade_count=3 < 5']
ETH,99.9999999999995,True,40.0,18.452140771397477,36.940760129436626,0.25,0.25,0.9842,1306,pos0.25_dd0.25,"['max_drawdown_pct', 'max_position_fraction']",0.08081172111902864,5.0,2.306420639269845,True,bollinger_mean_reversion,rsi_bollinger_mr,1d,-2.726027269977965,21,4.613,blocked_risk,"['max_drawdown_pct=36.94', 'risk_denial_rate=98.42%', 'safety_stop']"
ETH,100.00000000000043,True,40.0,11.555568122068534,28.093498527277983,0.25,0.25,0.9855,815,pos0.25_dd0.25,"['max_drawdown_pct', 'max_position_fraction']",0.011978661781385807,5.0,1.4444366288359163,True,atr_breakout,breakout_atr,1d,-5.0545694572705315,12,2.8889,blocked_risk,"['max_drawdown_pct=28.09', 'risk_denial_rate=98.55%', 'safety_stop']"
ETH,99.99999999999933,True,40.0,80.87564963930957,17.558249911645156,0.25,0.25,0.8284,473,pos0.25_dd0.25,"['max_daily_loss_pct', 'max_position_fraction']",0.21999157270637548,5.0,10.109492954412389,True,trend_following,trend_ema_donchian,4h,5.601285643969959,98,20.2189,blocked_risk,"['max_drawdown_pct=17.56', 'risk_denial_rate=82.84%', 'safety_stop']"
ETH,100.00000000000104,True,40.0,99.2754556821771,23.29917692193601,0.25,0.25,0.0935,13,pos0.25_dd0.25,['max_position_fraction'],-0.375124368632645,5.0,12.409431069749047,False,breakout,breakout_atr,4h,-11.52469728027395,126,24.8189,blocked_risk,['max_drawdown_pct=23.30']
ETH,99.99999999999983,True,40.0,168.14664468248176,24.97304276845952,0.25,0.25,0.0,0,pos0.25_dd0.25,[],-1.0028696751147004,5.0,21.018287703852295,False,mean_reversion,rsi_bollinger_mr,4h,-20.73784930257884,235,42.0367,blocked_risk,['max_drawdown_pct=24.97']
ETH,100.00000000000453,True,40.0,3.396139164328235,14.223746207484847,0.25,0.25,0.0,0,pos0.25_dd0.25,[],0.09737489292350994,5.0,0.4244926443626156,False,grid,grid,4h,1.4333479274415482,9,0.849,insufficient_trades,['trade_count=9 < 10']
ETH,100.00000000000068,True,40.0,96.43053246432736,18.434095856683616,0.25,0.25,0.8301,596,pos0.25_dd0.25,"['max_daily_loss_pct', 'max_position_fraction']",-0.11104915948131831,5.0,12.053829792680261,True,ema_crossover,trend_ema_donchian,4h,-5.554579985793168,122,24.1076,blocked_risk,"['max_drawdown_pct=18.43', 'risk_denial_rate=83.01%', 'safety_stop']"
ETH,99.99999999999933,True,40.0,85.44612214353357,21.336804842023245,0.25,0.25,0.2653,39,pos0.25_dd0.25,"['max_daily_loss_pct', 'max_position_fraction']",-0.2207582711768034,5.0,10.680767466544836,True,donchian_breakout,trend_ema_donchian,4h,-8.733247091849694,108,21.3615,blocked_risk,"['max_drawdown_pct=21.34', 'safety_stop']"
ETH,99.99999999999967,True,40.0,133.01881529121385,30.06380381177964,0.25,0.25,0.7665,627,pos0.25_dd0.25,['max_drawdown_pct'],-1.4202622106791112,5.0,16.627289820151958,True,rsi_mean_reversion,rsi_bollinger_mr,4h,-28.09431290255352,191,33.2547,blocked_risk,"['max_drawdown_pct=30.06', 'risk_denial_rate=76.65%', 'safety_stop']"
ETH,100.00000000000031,True,40.0,155.19326018636565,28.005784859317973,0.25,0.25,0.6609,417,pos0.25_dd0.25,['max_drawdown_pct'],-1.1825274434322077,5.0,19.399141695172403,True,bollinger_mean_reversion,rsi_bollinger_mr,4h,-23.790488687444302,214,38.7983,blocked_risk,"['max_drawdown_pct=28.01', 'risk_denial_rate=66.09%', 'safety_stop']"
ETH,100.00000000000031,True,40.0,54.23968264674268,2.220518446525475,0.25,0.25,0.0,0,pos0.25_dd0.25,[],-0.1307945968723364,5.0,6.779974031139886,False,atr_breakout,breakout_atr,4h,-0.6218465213039395,68,13.5599,blocked_costs,['cost_drag_pct=100.00']
ETH,100.00000000000058,True,40.0,97.07334248822337,13.015520672152764,0.25,0.25,0.0,0,pos0.25_dd0.25,[],-0.632771182438015,5.0,12.134172621895303,False,trend_following,trend_ema_donchian,1h,-8.996404019255237,166,24.2683,blocked_costs,['cost_drag_pct=100.00']
ETH,99.99999999999999,True,40.0,100.04648720941917,10.522803551436628,0.25,0.25,0.0,0,pos0.25_dd0.25,[],-0.4109599336430366,5.0,12.505824913278161,False,breakout,breakout_atr,1h,-5.650390369871093,170,25.0116,blocked_costs,['cost_drag_pct=100.00']
ETH,100.00000000000082,True,40.0,191.89135984252982,23.164091892269205,0.25,0.25,0.0055,2,pos0.25_dd0.25,['max_trades_per_day'],-2.068462579352394,5.0,23.986417726422673,False,mean_reversion,rsi_bollinger_mr,1h,-22.489334100311133,360,47.9728,blocked_risk,['max_drawdown_pct=23.16']
ETH,99.99999999999977,True,40.0,5.716102644226914,11.40413364282061,0.25,0.25,0.0,0,pos0.25_dd0.25,[],-0.07783737992853708,5.0,0.7144898356516265,False,grid,grid,1h,-1.2731889497108113,23,1.429,blocked_costs,['cost_drag_pct=100.00']
ETH,100.00000000000038,True,40.0,117.39420508303228,20.073880934577364,0.25,0.25,0.0,0,pos0.25_dd0.25,[],-1.3076372799620897,5.0,14.674266443553876,False,ema_crossover,trend_ema_donchian,1h,-16.883576516108395,210,29.3486,blocked_risk,['max_drawdown_pct=20.07']
ETH,99.99999999999899,True,40.0,99.75851895172609,10.652503551742402,0.25,0.25,0.0,0,pos0.25_dd0.25,[],-0.45278032108027877,5.0,12.469827421727203,False,donchian_breakout,trend_ema_donchian,1h,-6.201729546777961,170,24.9396,blocked_costs,['cost_drag_pct=100.00']
ETH,99.99999999999982,True,40.0,202.66170068022046,25.20769146120631,0.25,0.25,0.6886,867,pos0.25_dd0.25,['max_drawdown_pct'],-2.782479323779347,5.0,25.33270727081046,True,rsi_mean_reversion,rsi_bollinger_mr,1h,-24.925126480177358,392,50.6654,blocked_risk,"['max_drawdown_pct=25.21', 'risk_denial_rate=68.86%', 'safety_stop']"
ETH,99.99999999999953,True,40.0,240.61689350245928,26.226096574750212,0.25,0.25,0.5069,479,pos0.25_dd0.25,['max_drawdown_pct'],-2.7810051814672305,5.0,30.077116971959043,True,bollinger_mean_reversion,rsi_bollinger_mr,1h,-24.955739137455613,466,60.1542,blocked_risk,"['max_drawdown_pct=26.23', 'risk_denial_rate=50.69%', 'safety_stop']"
ETH,99.99999999999946,True,40.0,64.5427814019404,5.896426506088372,0.25,0.25,0.0,0,pos0.25_dd0.25,[],-2.3654143995911197,5.0,8.067853054301764,False,atr_breakout,breakout_atr,1h,-5.109439380546519,110,16.1357,blocked_costs,['cost_drag_pct=100.00']
SOL,100.00000000000104,True,40.0,1.0005,67.02216073763881,0.25,0.25,0.9989,907,pos0.25_dd0.25,"['max_drawdown_pct', 'max_position_fraction']",0.28212235136459923,5.0,0.125,True,trend_following,trend_ema_donchian,1d,31.308432735723773,1,0.2501,insufficient_trades,['trade_count=1 < 5']
SOL,100.00000000000104,True,40.0,1.0005,67.5157553508636,0.25,0.25,0.9867,74,pos0.25_dd0.25,"['max_drawdown_pct', 'max_position_fraction']",0.2870233873697605,5.0,0.125,True,breakout,breakout_atr,1d,32.6996098084041,1,0.2501,insufficient_trades,['trade_count=1 < 5']
SOL,99.99999999999628,True,40.0,2.9832706320461737,73.45184210684857,0.25,0.25,0.9983,1780,pos0.25_dd0.25,"['max_drawdown_pct', 'max_position_fraction']",0.34786601575537046,5.0,0.3728459064286085,True,mean_reversion,rsi_bollinger_mr,1d,53.337531312924234,3,0.7458,insufficient_trades,['trade_count=3 < 5']
SOL,100.00000000000757,True,40.0,0.7916497921661367,67.26230177255812,0.25,0.25,0.8182,9,pos0.25_dd0.25,"['max_drawdown_pct', 'max_position_fraction']",0.3113379194775673,5.0,0.09890677063545184,True,grid,grid,1d,41.21793433821013,2,0.1979,insufficient_trades,['trade_count=2 < 5']
SOL,99.99999999999791,True,40.0,2.6598710269739967,67.5157553508636,0.25,0.25,0.9967,919,pos0.25_dd0.25,"['max_drawdown_pct', 'max_position_fraction']",0.25941111771782793,5.0,0.3324087955333255,True,ema_crossover,trend_ema_donchian,1d,23.45016690438938,3,0.665,insufficient_trades,['trade_count=3 < 5']
SOL,100.00000000000104,True,40.0,1.0005,67.5157553508636,0.25,0.25,0.9865,73,pos0.25_dd0.25,"['max_drawdown_pct', 'max_position_fraction']",0.2870233873697605,5.0,0.125,True,donchian_breakout,trend_ema_donchian,1d,32.6996098084041,1,0.2501,insufficient_trades,['trade_count=1 < 5']
SOL,99.99999999999966,True,40.0,2.9832706320461737,75.67915347167983,0.25,0.25,0.9983,1777,pos0.25_dd0.25,"['max_drawdown_pct', 'max_position_fraction']",0.3738208460390172,5.0,0.3728459064286085,True,rsi_mean_reversion,rsi_bollinger_mr,1d,64.51529200445445,3,0.7458,insufficient_trades,['trade_count=3 < 5']
SOL,99.99999999999628,True,40.0,2.9832706320461737,73.45184210684857,0.25,0.25,0.9983,1780,pos0.25_dd0.25,"['max_drawdown_pct', 'max_position_fraction']",0.34786601575537046,5.0,0.3728459064286085,True,bollinger_mean_reversion,rsi_bollinger_mr,1d,53.337531312924234,3,0.7458,insufficient_trades,['trade_count=3 < 5']
SOL,99.99999999999852,True,40.0,1.0005,59.4089662547326,0.25,0.25,0.9994,1630,pos0.25_dd0.25,"['max_drawdown_pct', 'max_position_fraction']",0.21065144346948747,5.0,0.12499999999997158,True,atr_breakout,breakout_atr,1d,14.570063812557214,1,0.2501,insufficient_trades,['trade_count=1 < 5']
SOL,100.00000000000048,True,40.0,7.599703656031082,54.894981948445796,0.25,0.25,0.9969,2872,pos0.25_dd0.25,"['max_daily_loss_pct', 'max_drawdown_pct', 'max_position_fraction']",0.5612688143379748,5.0,0.949925104651669,True,trend_following,trend_ema_donchian,4h,58.78298642001071,9,1.8999,insufficient_trades,['trade_count=9 < 10']
SOL,100.00000000000338,True,40.0,10.780658339512128,55.51680322714107,0.25,0.25,0.9465,230,pos0.25_dd0.25,"['max_daily_loss_pct', 'max_drawdown_pct', 'max_position_fraction']",0.5614585201145115,5.0,1.3475412979917678,True,breakout,breakout_atr,4h,59.169807792118554,13,2.6952,blocked_risk,"['max_drawdown_pct=55.52', 'risk_denial_rate=94.65%', 'safety_stop']"
SOL,100.00000000000075,True,40.0,196.94915281894814,19.95307262074401,0.25,0.25,0.0,0,pos0.25_dd0.25,[],-0.4349300211503751,5.0,24.61862608053886,False,mean_reversion,rsi_bollinger_mr,4h,-12.75438575585031,255,49.2373,blocked_risk,['max_drawdown_pct=19.95']
SOL,100.0000000000023,True,40.0,3.05019873136174,3.39130635225898,0.25,0.25,0.0,0,pos0.25_dd0.25,[],-0.8998685807639035,5.0,0.3812672461377815,False,grid,grid,4h,-3.38125956196925,8,0.7625,insufficient_trades,['trade_count=8 < 10']
SOL,99.99999999999983,True,40.0,12.444715895181195,55.31769365590263,0.25,0.25,0.9946,2746,pos0.25_dd0.25,"['max_daily_loss_pct', 'max_drawdown_pct', 'max_position_fraction']",0.5665108530692269,5.0,1.5555517437402955,True,ema_crossover,trend_ema_donchian,4h,60.17822814824133,15,3.1112,blocked_risk,"['max_drawdown_pct=55.32', 'risk_denial_rate=99.46%', 'safety_stop']"
SOL,100.00000000000338,True,40.0,10.780658339512128,55.51680322714107,0.25,0.25,0.9458,227,pos0.25_dd0.25,"['max_daily_loss_pct', 'max_drawdown_pct', 'max_position_fraction']",0.5614585201145115,5.0,1.3475412979917678,True,donchian_breakout,trend_ema_donchian,4h,59.169807792118554,13,2.6952,blocked_risk,"['max_drawdown_pct=55.52', 'risk_denial_rate=94.58%', 'safety_stop']"
SOL,100.0,True,40.0,168.1924281305324,22.360282972197087,0.25,0.25,0.0,0,pos0.25_dd0.25,[],-0.5034076849745898,5.0,21.02402405750314,False,rsi_mean_reversion,rsi_bollinger_mr,4h,-14.318490711504309,223,42.0481,blocked_risk,['max_drawdown_pct=22.36']
SOL,99.99999999999953,True,40.0,190.31436478755506,17.65135826600272,0.25,0.25,0.0,0,pos0.25_dd0.25,[],-0.29343971211088604,5.0,23.789283586049947,False,bollinger_mean_reversion,rsi_bollinger_mr,4h,-8.863368890795288,247,47.5786,blocked_risk,['max_drawdown_pct=17.65']
SOL,99.99999999999886,True,40.0,53.04927787267272,7.435682772856146,0.25,0.25,0.0,0,pos0.25_dd0.25,[],-1.7214078399210466,5.0,6.63115825671062,False,atr_breakout,breakout_atr,4h,-6.558992705420668,68,13.2623,blocked_costs,['cost_drag_pct=100.00']
SOL,99.99999999999879,True,40.0,104.2773098807447,14.240383608670074,0.25,0.25,0.0,0,pos0.25_dd0.25,[],-0.388328403594829,5.0,13.034674751699043,False,trend_following,trend_ema_donchian,1h,-7.3245553689159015,174,26.0693,blocked_costs,['cost_drag_pct=100.00']
SOL,99.99999999999967,True,40.0,104.54814884405667,20.147644850997057,0.25,0.25,0.0056,1,pos0.25_dd0.25,['max_daily_loss_pct'],-0.61950189308732,5.0,13.068520794367743,True,breakout,breakout_atr,1h,-10.886122112801763,178,26.137,blocked_risk,"['max_drawdown_pct=20.15', 'safety_stop']"
SOL,100.0,True,40.0,183.48018450628217,25.198985670456807,0.25,0.25,0.2019,86,pos0.25_dd0.25,['max_drawdown_pct'],-1.9689119635771053,5.0,22.935014761739595,True,mean_reversion,rsi_bollinger_mr,1h,-23.96213722329703,340,45.87,blocked_risk,"['max_drawdown_pct=25.20', 'safety_stop']"
SOL,100.00000000000082,True,40.0,6.527263258555632,10.107674245551133,0.25,0.25,0.037,1,pos0.25_dd0.25,['max_trades_per_day'],-0.08055407374848791,5.0,0.8158736640754896,False,grid,grid,1h,-1.8222484123555889,26,1.6318,blocked_costs,['cost_drag_pct=100.00']
SOL,100.00000000000114,True,40.0,103.85507963669983,19.042631144479312,0.25,0.25,0.0,0,pos0.25_dd0.25,[],-0.6415238040425953,5.0,12.981886133615063,False,ema_crossover,trend_ema_donchian,1h,-11.212084941852117,176,25.9638,blocked_risk,['max_drawdown_pct=19.04']
SOL,99.99999999999906,True,40.0,101.03162165954497,20.14724812675197,0.25,0.25,0.0057,1,pos0.25_dd0.25,['max_daily_loss_pct'],-0.6845155459616276,5.0,12.628951581969716,True,donchian_breakout,trend_ema_donchian,1h,-11.816246145281935,174,25.2579,blocked_risk,"['max_drawdown_pct=20.15', 'safety_stop']"
SOL,100.00000000000027,True,40.0,244.2362397969316,25.12264145011179,0.25,0.25,0.5215,510,pos0.25_dd0.25,['max_drawdown_pct'],-2.0146787621570086,5.0,30.529537952363782,True,rsi_mean_reversion,rsi_bollinger_mr,1h,-24.28547743978198,468,61.0591,blocked_risk,"['max_drawdown_pct=25.12', 'risk_denial_rate=52.15%', 'safety_stop']"
SOL,99.99999999999962,True,40.0,257.5847946206705,26.854427551976357,0.25,0.25,0.4504,395,pos0.25_dd0.25,['max_drawdown_pct'],-2.2646818225111254,5.0,32.19811051070462,True,bollinger_mean_reversion,rsi_bollinger_mr,1h,-24.505040850739828,482,64.3962,blocked_risk,"['max_drawdown_pct=26.85', 'risk_denial_rate=45.04%', 'safety_stop']"
SOL,100.00000000000023,True,40.0,50.24237096229394,5.567077115037989,0.25,0.25,0.0,0,pos0.25_dd0.25,[],-2.015013265126364,5.0,6.280296583260167,False,atr_breakout,breakout_atr,1h,-5.567077115037989,86,12.5606,blocked_costs,['cost_drag_pct=100.00']
BTC,100.00000000000189,True,40.0,9.99499431242465,23.480682507860255,0.1,0.5,0.9876,797,pos0.5_dd0.1,['max_drawdown_pct'],-0.040901951000442895,5.0,1.249369723273702,True,trend_following,trend_ema_donchian,1d,-2.9507481105210447,10,2.4987,blocked_risk,"['max_drawdown_pct=23.48', 'risk_denial_rate=98.76%', 'safety_stop']"
BTC,100.00000000000024,True,40.0,37.669935436615944,18.387491607741776,0.1,0.5,0.38,19,pos0.5_dd0.1,['max_drawdown_pct'],0.3143046260472666,5.0,4.7087479932337715,True,breakout,breakout_atr,1d,19.586324024530633,31,9.4175,blocked_risk,"['max_drawdown_pct=18.39', 'risk_denial_rate=38.00%', 'safety_stop']"
BTC,99.99999999999865,True,40.0,69.20904787241253,17.41783931826026,0.1,0.5,0.8505,364,pos0.5_dd0.1,['max_drawdown_pct'],0.13377557096088005,5.0,8.651161886597095,True,mean_reversion,rsi_bollinger_mr,1d,4.574997744819757,64,17.3023,blocked_risk,"['max_drawdown_pct=17.42', 'risk_denial_rate=85.05%', 'safety_stop']"
BTC,100.0000000000017,True,40.0,2.363940125702132,25.53358286213455,0.1,0.5,0.6154,8,pos0.5_dd0.1,['max_drawdown_pct'],0.3139536493905959,5.0,0.29544251394570153,True,grid,grid,1d,25.41739433431899,5,0.591,blocked_risk,"['max_drawdown_pct=25.53', 'risk_denial_rate=61.54%', 'safety_stop', 'grid_max_inventory']"
BTC,99.99999999999957,True,40.0,46.46784815309312,24.084325050289397,0.1,0.5,0.8962,354,pos0.5_dd0.1,['max_drawdown_pct'],0.29056035151324444,5.0,5.808457705341624,True,ema_crossover,trend_ema_donchian,1d,16.210802021819973,41,11.617,blocked_risk,"['max_drawdown_pct=24.08', 'risk_denial_rate=89.62%', 'safety_stop']"
BTC,100.00000000000058,True,40.0,22.3261667670611,15.543022200707915,0.1,0.5,0.7297,54,pos0.5_dd0.1,['max_drawdown_pct'],0.3270259086801923,5.0,2.7908223523766083,True,donchian_breakout,trend_ema_donchian,1d,18.0908988233321,20,5.5815,blocked_risk,"['max_drawdown_pct=15.54', 'risk_denial_rate=72.97%', 'safety_stop']"
BTC,99.99999999999956,True,40.0,97.53063143539657,11.663996558276683,0.1,0.5,0.1795,21,pos0.5_dd0.1,['max_drawdown_pct'],0.19278284258092093,5.0,12.191372729798985,True,rsi_mean_reversion,rsi_bollinger_mr,1d,6.5479498560850296,96,24.3827,blocked_risk,['safety_stop']
BTC,99.99999999999967,True,40.0,78.62357090996619,13.469415643269182,0.1,0.5,0.5795,102,pos0.5_dd0.1,['max_drawdown_pct'],0.18903977515963022,5.0,9.827985217945525,True,bollinger_mean_reversion,rsi_bollinger_mr,1d,6.69652469088328,74,19.6559,blocked_risk,"['risk_denial_rate=57.95%', 'safety_stop']"
BTC,100.000000000002,True,40.0,22.640443295176592,4.393086796987449,0.1,0.5,0.0,0,pos0.5_dd0.1,[],0.0692158631301039,5.0,2.8300632098147105,False,atr_breakout,breakout_atr,1d,0.5721165154621076,22,5.6601,blocked_costs,['cost_drag_pct=100.00']
BTC,100.00000000000193,True,40.0,100.32813241962512,8.201257887012611,0.1,0.5,0.0,0,pos0.5_dd0.1,[],0.41730045395691273,5.0,12.54106489525094,False,trend_following,trend_ema_donchian,4h,8.050199948175532,116,25.082,blocked_costs,['cost_drag_pct=100.00']
BTC,100.00000000000054,True,40.0,96.22726371240012,14.5168056539301,0.1,0.5,0.219,30,pos0.5_dd0.1,['max_drawdown_pct'],0.38924472619868655,5.0,12.028407075387832,True,breakout,breakout_atr,4h,7.925115610334478,107,24.0568,blocked_risk,['safety_stop']
BTC,99.99999999999993,True,40.0,140.5057186137525,18.32571619836382,0.1,0.5,0.8768,1302,pos0.5_dd0.1,['max_drawdown_pct'],-0.968076120569659,5.0,17.563187302254505,True,mean_reversion,rsi_bollinger_mr,4h,-15.111047199434632,183,35.1264,blocked_risk,"['max_drawdown_pct=18.33', 'risk_denial_rate=87.68%', 'safety_stop']"
BTC,100.0000000000077,True,40.0,0.957813634257716,30.204954389996182,0.1,0.5,0.0,0,pos0.5_dd0.1,[],0.7227964080142112,5.0,0.11966687084677119,False,grid,grid,4h,48.106746578666616,3,0.2395,insufficient_trades,['trade_count=3 < 10']
BTC,100.00000000000091,True,40.0,99.53082299553762,10.250734628499574,0.1,0.5,0.8011,451,pos0.5_dd0.1,['max_drawdown_pct'],0.4550418303958006,5.0,12.44140282035687,True,ema_crossover,trend_ema_donchian,4h,8.78114382147262,112,24.8827,blocked_risk,"['risk_denial_rate=80.11%', 'safety_stop']"
BTC,100.00000000000016,True,40.0,89.78536113250381,15.2709158802983,0.1,0.5,0.259,36,pos0.5_dd0.1,['max_drawdown_pct'],0.22640237414172684,5.0,11.223159825197087,True,donchian_breakout,trend_ema_donchian,4h,4.223434896016352,103,22.4463,blocked_risk,"['max_drawdown_pct=15.27', 'safety_stop']"
BTC,100.00000000000028,True,40.0,107.11611488034367,12.790006543523702,0.1,0.5,0.7137,344,pos0.5_dd0.1,['max_drawdown_pct'],-0.7059427642313473,5.0,13.389522108597077,True,rsi_mean_reversion,rsi_bollinger_mr,4h,-8.951141377334125,138,26.779,blocked_risk,"['risk_denial_rate=71.37%', 'safety_stop']"
BTC,100.00000000000024,True,40.0,146.75637864491034,10.443256862717783,0.1,0.5,0.3262,92,pos0.5_dd0.1,['max_drawdown_pct'],-0.6622138197919893,5.0,18.344566296091728,True,bollinger_mean_reversion,rsi_bollinger_mr,4h,-8.923902600283213,190,36.6891,blocked_risk,"['risk_denial_rate=32.62%', 'safety_stop']"
BTC,99.99999999999952,True,40.0,56.811258758431165,4.846769434708892,0.1,0.5,0.0,0,pos0.5_dd0.1,[],-1.612158648913209,5.0,7.10141250421222,False,atr_breakout,breakout_atr,4h,-4.327503504476067,72,14.2028,blocked_costs,['cost_drag_pct=100.00']
BTC,100.00000000000055,True,40.0,88.04863181877664,10.353859388243608,0.1,0.5,0.8996,1308,pos0.5_dd0.1,['max_drawdown_pct'],-0.45975583574668705,5.0,11.00609269899681,True,trend_following,trend_ema_donchian,1h,-4.416812057552306,146,22.0122,blocked_risk,"['risk_denial_rate=89.96%', 'safety_stop']"
BTC,99.99999999999973,True,40.0,88.8388667800249,10.815053645442328,0.1,0.5,0.3214,72,pos0.5_dd0.1,['max_drawdown_pct'],-0.7317940478097541,5.0,11.104866411557794,True,breakout,breakout_atr,1h,-6.7687509582669,152,22.2097,blocked_risk,"['risk_denial_rate=32.14%', 'safety_stop']"
BTC,99.99999999999953,True,40.0,119.41381458185542,10.23464077063729,0.1,0.5,0.7775,734,pos0.5_dd0.1,['max_drawdown_pct'],-1.582702028985463,5.0,14.92673569117099,True,mean_reversion,rsi_bollinger_mr,1h,-9.886678856713763,210,29.8535,blocked_risk,"['risk_denial_rate=77.75%', 'safety_stop']"
BTC,100.00000000000631,True,40.0,3.0605643289785402,6.965532347887926,0.1,0.5,0.0,0,pos0.5_dd0.1,[],0.2321686638045474,5.0,0.382553187690867,False,grid,grid,1h,1.91663868740053,11,0.7651,insufficient_trades,['trade_count=11 < 20']
BTC,100.00000000000017,True,40.0,83.01172612872384,11.239791926329646,0.1,0.5,0.9282,1784,pos0.5_dd0.1,['max_drawdown_pct'],-0.4490636213674668,5.0,10.376478395455393,True,ema_crossover,trend_ema_donchian,1h,-4.287073984611743,138,20.7529,blocked_risk,"['risk_denial_rate=92.82%', 'safety_stop']"
BTC,99.99999999999939,True,40.0,88.6541167516733,10.440276041102246,0.1,0.5,0.3122,69,pos0.5_dd0.1,['max_drawdown_pct'],-0.780355876352693,5.0,11.08177184273515,True,donchian_breakout,trend_ema_donchian,1h,-7.074077940865959,152,22.1635,blocked_risk,"['risk_denial_rate=31.22%', 'safety_stop']"
BTC,100.00000000000023,True,40.0,102.46875738315548,10.207687229294532,0.1,0.5,0.8867,1409,pos0.5_dd0.1,['max_drawdown_pct'],-2.1194227684184006,5.0,12.808598849179461,True,rsi_mean_reversion,rsi_bollinger_mr,1h,-9.85722112544222,180,25.6172,blocked_risk,"['risk_denial_rate=88.67%', 'safety_stop']"
BTC,100.00000000000011,True,40.0,100.03525472163852,10.25608807376351,0.1,0.5,0.8271,842,pos0.5_dd0.1,['max_drawdown_pct'],-2.424586311421116,5.0,12.50440984670223,True,bollinger_mean_reversion,rsi_bollinger_mr,1h,-10.05136694726101,176,25.0088,blocked_risk,"['risk_denial_rate=82.71%', 'safety_stop']"
BTC,99.99999999999962,True,40.0,82.69194276370725,8.387945677369112,0.1,0.5,0.0,0,pos0.5_dd0.1,[],-4.15823128909633,5.0,10.336495132707483,False,atr_breakout,breakout_atr,1h,-8.387945677369112,144,20.673,blocked_costs,['cost_drag_pct=100.00']
ETH,100.00000000000064,True,40.0,16.191075707220765,23.710976202731395,0.1,0.5,0.9683,458,pos0.5_dd0.1,['max_drawdown_pct'],0.10627799978265808,5.0,2.0238517319862694,True,trend_following,trend_ema_donchian,1d,4.177871374960205,15,4.0478,blocked_risk,"['max_drawdown_pct=23.71', 'risk_denial_rate=96.83%', 'safety_stop']"
ETH,99.99999999999888,True,40.0,17.258319014096696,23.784177425867455,0.1,0.5,0.717,38,pos0.5_dd0.1,['max_drawdown_pct'],0.16682541620536978,5.0,2.1572812566757307,True,breakout,breakout_atr,1d,8.971812712493103,15,4.3146,blocked_risk,"['max_drawdown_pct=23.78', 'risk_denial_rate=71.70%', 'safety_stop']"
ETH,99.99999999999943,True,40.0,130.50300231454287,15.77182049256813,0.1,0.5,0.4518,103,pos0.5_dd0.1,['max_drawdown_pct'],0.01243592136460211,5.0,16.312848652257657,True,mean_reversion,rsi_bollinger_mr,1d,-1.8327296115484275,125,32.6258,blocked_risk,"['max_drawdown_pct=15.77', 'risk_denial_rate=45.18%', 'safety_stop']"
ETH,100.00000000000848,True,40.0,1.9530428223935292,12.933172949541122,0.1,0.5,0.6364,7,pos0.5_dd0.1,['max_drawdown_pct'],-0.029103349288413266,5.0,0.24410429509129017,True,grid,grid,1d,-2.9293367392248455,4,0.4883,insufficient_trades,['trade_count=4 < 5']
ETH,99.99999999999686,True,40.0,9.862804318541798,26.207634396287325,0.1,0.5,0.9899,885,pos0.5_dd0.1,['max_drawdown_pct'],-0.06533004469772441,5.0,1.232801876221913,True,ema_crossover,trend_ema_donchian,1d,-7.9897286042085165,9,2.4657,blocked_risk,"['max_drawdown_pct=26.21', 'risk_denial_rate=98.99%', 'safety_stop']"
ETH,99.99999999999882,True,40.0,17.415564722066843,23.48105861947035,0.1,0.5,0.7115,37,pos0.5_dd0.1,['max_drawdown_pct'],0.18199790558442022,5.0,2.1769394900924226,True,donchian_breakout,trend_ema_donchian,1d,10.112409963954496,15,4.3539,blocked_risk,"['max_drawdown_pct=23.48', 'risk_denial_rate=71.15%', 'safety_stop']"
ETH,99.99999999999973,True,40.0,104.70195659479751,13.052140918863564,0.1,0.5,0.2868,39,pos0.5_dd0.1,['max_drawdown_pct'],0.1628356446259231,5.0,13.08772417248565,True,rsi_mean_reversion,rsi_bollinger_mr,1d,6.772483322240578,97,26.1755,blocked_risk,['safety_stop']
ETH,100.00000000000047,True,40.0,20.769064514580744,17.708414789795658,0.1,0.5,0.8167,98,pos0.5_dd0.1,['max_drawdown_pct'],-0.24454402393508481,5.0,2.59611554168265,True,bollinger_mean_reversion,rsi_bollinger_mr,1d,-9.34557389812917,22,5.1923,blocked_risk,"['max_drawdown_pct=17.71', 'risk_denial_rate=81.67%', 'safety_stop']"
ETH,99.99999999999882,True,40.0,20.06106794629783,2.255402077944649,0.1,0.5,0.0,0,pos0.5_dd0.1,[],0.27933532788113974,5.0,2.5076466317682105,False,atr_breakout,breakout_atr,1d,2.9985210597652667,20,5.0153,blocked_costs,['cost_drag_pct=100.00']
ETH,100.00000000000138,True,40.0,51.99800761921157,18.404709095296496,0.1,0.5,0.9622,1578,pos0.5_dd0.1,['max_drawdown_pct'],0.22364247770235612,5.0,6.499777179364031,True,trend_following,trend_ema_donchian,4h,4.6410068088055825,62,12.9995,blocked_risk,"['max_drawdown_pct=18.40', 'risk_denial_rate=96.22%', 'safety_stop']"
ETH,99.99999999999916,True,40.0,87.24465303194575,18.6697980164227,0.1,0.5,0.259,36,pos0.5_dd0.1,['max_drawdown_pct'],0.11415417388262714,5.0,10.905564436110438,True,breakout,breakout_atr,4h,1.9266231027419054,103,21.8112,blocked_risk,"['max_drawdown_pct=18.67', 'safety_stop']"
ETH,99.99999999999987,True,40.0,80.78033047624359,20.693828718304573,0.1,0.5,0.9493,1946,pos0.5_dd0.1,['max_drawdown_pct'],-0.4052108082568696,5.0,10.097541270642466,True,mean_reversion,rsi_bollinger_mr,4h,-9.103341858875137,104,20.1951,blocked_risk,"['max_drawdown_pct=20.69', 'risk_denial_rate=94.93%', 'safety_stop']"
ETH,100.00000000000601,True,40.0,2.7849880117683097,13.402428868685043,0.1,0.5,0.2222,2,pos0.5_dd0.1,['max_drawdown_pct'],0.08229106141206677,5.0,0.34809957662906754,True,grid,grid,4h,1.018722261320363,7,0.6962,insufficient_trades,['trade_count=7 < 10']
ETH,99.99999999999923,True,40.0,64.73025855337029,11.147246473433475,0.1,0.5,0.9444,1358,pos0.5_dd0.1,['max_drawdown_pct'],0.030624663363179986,5.0,8.09130034256009,True,ema_crossover,trend_ema_donchian,4h,-0.0728000767173512,80,16.1826,blocked_risk,"['risk_denial_rate=94.44%', 'safety_stop']"
ETH,100.00000000000047,True,40.0,85.71429859281872,17.2856236721672,0.1,0.5,0.2231,29,pos0.5_dd0.1,['max_drawdown_pct'],0.17362788562840345,5.0,10.714273317524118,True,donchian_breakout,trend_ema_donchian,4h,3.696635157947662,101,21.4286,blocked_risk,"['max_drawdown_pct=17.29', 'safety_stop']"
ETH,99.99999999999926,True,40.0,69.01685604068464,14.176619006236047,0.1,0.5,0.9183,1012,pos0.5_dd0.1,['max_drawdown_pct'],-0.7149596500201467,5.0,8.627102200621579,True,rsi_mean_reversion,rsi_bollinger_mr,4h,-9.68618110756654,90,17.2542,blocked_risk,"['risk_denial_rate=91.83%', 'safety_stop']"
ETH,100.00000000000004,True,40.0,86.66737394052309,12.467975705966316,0.1,0.5,0.7689,366,pos0.5_dd0.1,['max_drawdown_pct'],-0.6637594383573415,5.0,10.833424707935563,True,bollinger_mean_reversion,rsi_bollinger_mr,4h,-8.56393133070136,110,21.6668,blocked_risk,"['risk_denial_rate=76.89%', 'safety_stop']"
ETH,100.00000000000031,True,40.0,54.23968264674268,2.220518446525475,0.1,0.5,0.0,0,pos0.5_dd0.1,[],-0.1307945968723364,5.0,6.779974031139886,False,atr_breakout,breakout_atr,4h,-0.6218465213039395,68,13.5599,blocked_costs,['cost_drag_pct=100.00']
ETH,99.99999999999946,True,40.0,40.45986216485117,12.072690789880909,0.1,0.5,0.9878,5524,pos0.5_dd0.1,['max_drawdown_pct'],-0.7142147294689726,5.0,5.057478139801674,True,trend_following,trend_ema_donchian,1h,-6.4040557023026965,68,10.115,blocked_risk,"['risk_denial_rate=98.78%', 'safety_stop']"
ETH,100.00000000000088,True,40.0,99.12997014520852,10.522803551436628,0.1,0.5,0.0175,3,pos0.5_dd0.1,['max_drawdown_pct'],-0.38004973112331236,5.0,12.391260954282274,True,breakout,breakout_atr,1h,-5.277670057046771,168,24.7825,blocked_risk,['safety_stop']
ETH,99.99999999999999,True,40.0,78.28497951782008,16.689249234295602,0.1,0.5,0.9696,4344,pos0.5_dd0.1,"['max_drawdown_pct', 'max_trades_per_day']",-0.9019185723843604,5.0,9.785620499605045,True,mean_reversion,rsi_bollinger_mr,1h,-9.583108594759619,136,19.5712,blocked_risk,"['max_drawdown_pct=16.69', 'risk_denial_rate=96.96%', 'safety_stop']"
ETH,99.99999999999977,True,40.0,5.716102644226914,11.40413364282061,0.1,0.5,0.0,0,pos0.5_dd0.1,[],-0.07783737992853708,5.0,0.7144898356516265,False,grid,grid,1h,-1.2731889497108113,23,1.429,blocked_costs,['cost_drag_pct=100.00']
ETH,100.00000000000114,True,40.0,49.972237051705726,10.275056439258325,0.1,0.5,0.9841,5211,pos0.5_dd0.1,['max_drawdown_pct'],-0.7792131107694663,5.0,6.24652753549762,True,ema_crossover,trend_ema_donchian,1h,-6.460262394508459,84,12.4931,blocked_risk,"['risk_denial_rate=98.41%', 'safety_stop']"
ETH,99.99999999999967,True,40.0,48.53953247895481,10.215495703179368,0.1,0.5,0.7716,277,pos0.5_dd0.1,['max_drawdown_pct'],-0.89520328108458,5.0,6.067436691025861,True,donchian_breakout,trend_ema_donchian,1h,-7.408234042329695,82,12.1349,blocked_risk,"['risk_denial_rate=77.16%', 'safety_stop']"
ETH,99.99999999999892,True,40.0,59.6342467731362,10.309129919326022,0.1,0.5,0.9446,1773,pos0.5_dd0.1,['max_drawdown_pct'],-1.982510771785399,5.0,7.454272818200181,True,rsi_mean_reversion,rsi_bollinger_mr,1h,-9.920228358079884,104,14.9086,blocked_risk,"['risk_denial_rate=94.46%', 'safety_stop']"
ETH,99.99999999999922,True,40.0,77.43782633739339,10.643658533232355,0.1,0.5,0.8711,919,pos0.5_dd0.1,['max_drawdown_pct'],-1.9982707472946692,5.0,9.679725259474608,True,bollinger_mean_reversion,rsi_bollinger_mr,1h,-9.924834563231775,136,19.3595,blocked_risk,"['risk_denial_rate=87.11%', 'safety_stop']"
ETH,99.99999999999946,True,40.0,64.5427814019404,5.896426506088372,0.1,0.5,0.0,0,pos0.5_dd0.1,[],-2.3654143995911197,5.0,8.067853054301764,False,atr_breakout,breakout_atr,1h,-5.109439380546519,110,16.1357,blocked_costs,['cost_drag_pct=100.00']
SOL,100.00000000000104,True,40.0,1.0005,67.02216073763881,0.1,0.5,0.9989,907,pos0.5_dd0.1,"['max_drawdown_pct', 'max_position_fraction']",0.28212235136459923,5.0,0.125,True,trend_following,trend_ema_donchian,1d,31.308432735723773,1,0.2501,insufficient_trades,['trade_count=1 < 5']
SOL,100.00000000000104,True,40.0,1.0005,67.5157553508636,0.1,0.5,0.9867,74,pos0.5_dd0.1,['max_drawdown_pct'],0.2870233873697605,5.0,0.125,True,breakout,breakout_atr,1d,32.6996098084041,1,0.2501,insufficient_trades,['trade_count=1 < 5']
SOL,100.00000000000074,True,40.0,48.99465370976816,29.9326996006191,0.1,0.5,0.9326,664,pos0.5_dd0.1,['max_drawdown_pct'],0.01851028729101646,5.0,6.124340983120135,True,mean_reversion,rsi_bollinger_mr,1d,-1.8041395867724304,48,12.2487,blocked_risk,"['max_drawdown_pct=29.93', 'risk_denial_rate=93.26%', 'safety_stop']"
SOL,100.00000000000757,True,40.0,0.7916497921661367,67.26230177255812,0.1,0.5,0.8182,9,pos0.5_dd0.1,['max_drawdown_pct'],0.3113379194775673,5.0,0.09890677063545184,True,grid,grid,1d,41.21793433821013,2,0.1979,insufficient_trades,['trade_count=2 < 5']
SOL,99.99999999999791,True,40.0,2.6598710269739967,67.5157553508636,0.1,0.5,0.9967,919,pos0.5_dd0.1,"['max_drawdown_pct', 'max_position_fraction']",0.25941111771782793,5.0,0.3324087955333255,True,ema_crossover,trend_ema_donchian,1d,23.45016690438938,3,0.665,insufficient_trades,['trade_count=3 < 5']
SOL,100.00000000000104,True,40.0,1.0005,67.5157553508636,0.1,0.5,0.9865,73,pos0.5_dd0.1,['max_drawdown_pct'],0.2870233873697605,5.0,0.125,True,donchian_breakout,trend_ema_donchian,1d,32.6996098084041,1,0.2501,insufficient_trades,['trade_count=1 < 5']
SOL,100.00000000000261,True,40.0,13.273797184819834,13.335925880693386,0.1,0.5,0.9397,187,pos0.5_dd0.1,['max_drawdown_pct'],0.16248288642922715,5.0,1.6592383651992009,True,rsi_mean_reversion,rsi_bollinger_mr,1d,3.993535152361119,12,3.3184,blocked_risk,"['risk_denial_rate=93.97%', 'safety_stop']"
SOL,99.99999999999946,True,40.0,76.63601520001848,23.526966478437668,0.1,0.5,0.561,92,pos0.5_dd0.1,['max_drawdown_pct'],0.16339034077822767,5.0,9.57954514964095,True,bollinger_mean_reversion,rsi_bollinger_mr,1d,8.678299942202717,72,19.159,blocked_risk,"['max_drawdown_pct=23.53', 'risk_denial_rate=56.10%', 'safety_stop']"
SOL,99.9999999999997,True,40.0,12.422369383926181,3.5412835484864282,0.1,0.5,0.0,0,pos0.5_dd0.1,[],0.10098679493555793,5.0,1.5528024708914074,False,atr_breakout,breakout_atr,1d,1.121643099692585,12,3.1056,blocked_costs,['cost_drag_pct=100.00']
SOL,99.99999999999848,True,40.0,42.239599160935555,12.351211652110052,0.1,0.5,0.9821,1978,pos0.5_dd0.1,['max_drawdown_pct'],1.3066001162041003,5.0,5.280113455657272,True,trend_following,trend_ema_donchian,4h,60.67224509990435,36,10.5599,blocked_risk,"['risk_denial_rate=98.21%', 'safety_stop']"
SOL,99.99999999999979,True,40.0,118.86163864966265,17.131615960578795,0.1,0.5,0.3071,43,pos0.5_dd0.1,['max_drawdown_pct'],0.9186815508385263,5.0,14.857806188317596,True,breakout,breakout_atr,4h,48.271561118409274,97,29.7154,blocked_risk,"['max_drawdown_pct=17.13', 'risk_denial_rate=30.71%', 'safety_stop']"
SOL,100.00000000000023,True,40.0,162.68324763438258,19.771988757333343,0.1,0.5,0.85,1162,pos0.5_dd0.1,['max_drawdown_pct'],-0.5062297004859793,5.0,20.335391711533816,True,mean_reversion,rsi_bollinger_mr,4h,-14.896806100227911,205,40.6708,blocked_risk,"['max_drawdown_pct=19.77', 'risk_denial_rate=85.00%', 'safety_stop']"
SOL,100.0000000000023,True,40.0,3.05019873136174,3.39130635225898,0.1,0.5,0.0,0,pos0.5_dd0.1,[],-0.8998685807639035,5.0,0.3812672461377815,False,grid,grid,4h,-3.38125956196925,8,0.7625,insufficient_trades,['trade_count=8 < 10']
SOL,100.000000000001,True,40.0,16.59266183709001,10.02493924622082,0.1,0.5,0.9934,2708,pos0.5_dd0.1,['max_drawdown_pct'],1.0003399044822032,5.0,2.0741640705179236,True,ema_crossover,trend_ema_donchian,4h,30.66967016153469,18,4.1482,blocked_risk,"['risk_denial_rate=99.34%', 'safety_stop']"
SOL,100.00000000000047,True,40.0,110.99046820005428,16.728471319082875,0.1,0.5,0.3681,53,pos0.5_dd0.1,['max_drawdown_pct'],0.9301362508263702,5.0,13.873909215027282,True,donchian_breakout,trend_ema_donchian,4h,48.99288428699774,91,27.7476,blocked_risk,"['max_drawdown_pct=16.73', 'risk_denial_rate=36.81%', 'safety_stop']"
SOL,99.99999999999946,True,40.0,94.74152590778593,20.127248197795605,0.1,0.5,0.9267,1517,pos0.5_dd0.1,['max_drawdown_pct'],-0.14671116844109142,5.0,11.84270463502773,True,rsi_mean_reversion,rsi_bollinger_mr,4h,-5.099800682081809,120,23.6854,blocked_risk,"['max_drawdown_pct=20.13', 'risk_denial_rate=92.67%', 'safety_stop']"
SOL,99.99999999999956,True,40.0,112.44270810210159,14.942542096519343,0.1,0.5,0.5723,190,pos0.5_dd0.1,['max_drawdown_pct'],-0.2541995115515511,5.0,14.055354146893507,True,bollinger_mean_reversion,rsi_bollinger_mr,4h,-6.396153377034534,142,28.1107,blocked_risk,"['risk_denial_rate=57.23%', 'safety_stop']"
SOL,99.99999999999886,True,40.0,53.04927787267272,7.435682772856146,0.1,0.5,0.0,0,pos0.5_dd0.1,[],-1.7214078399210466,5.0,6.63115825671062,False,atr_breakout,breakout_atr,4h,-6.558992705420668,68,13.2623,blocked_costs,['cost_drag_pct=100.00']
SOL,99.9999999999987,True,40.0,93.22309329133834,11.459077375019499,0.1,0.5,0.8433,829,pos0.5_dd0.1,['max_drawdown_pct'],-0.19279296782640462,5.0,11.652902826964748,True,trend_following,trend_ema_donchian,1h,-4.021380016641729,154,23.3058,blocked_risk,"['risk_denial_rate=84.33%', 'safety_stop']"
SOL,99.99999999999935,True,40.0,73.86281967949483,16.44689892865475,0.1,0.5,0.5551,151,pos0.5_dd0.1,"['max_daily_loss_pct', 'max_drawdown_pct']",-0.3692357388971728,5.0,9.232833092114106,True,breakout,breakout_atr,1h,-7.2865785265618,121,18.4657,blocked_risk,"['max_drawdown_pct=16.45', 'risk_denial_rate=55.51%', 'safety_stop']"
SOL,99.99999999999997,True,40.0,111.09627780511747,12.439621731901866,0.1,0.5,0.8184,865,pos0.5_dd0.1,['max_drawdown_pct'],-0.7744323876488979,5.0,13.887044021215104,True,mean_reversion,rsi_bollinger_mr,1h,-8.78010144463011,192,27.7741,blocked_risk,"['risk_denial_rate=81.84%', 'safety_stop']"
SOL,99.99999999999987,True,40.0,6.294833297928048,10.107674245551133,0.1,0.5,0.0741,2,pos0.5_dd0.1,"['max_drawdown_pct', 'max_trades_per_day']",-0.13996670250085075,5.0,0.7868344386097803,True,grid,grid,1h,-2.525254870557228,25,1.5737,blocked_risk,['safety_stop']
SOL,100.00000000000088,True,40.0,78.17798381829586,17.14043758733509,0.1,0.5,0.9525,2589,pos0.5_dd0.1,['max_drawdown_pct'],-0.5094729790180313,5.0,9.772227897039187,True,ema_crossover,trend_ema_donchian,1h,-9.373757003040202,129,19.5445,blocked_risk,"['max_drawdown_pct=17.14', 'risk_denial_rate=95.25%', 'safety_stop']"
SOL,100.00000000000038,True,40.0,69.59375728620329,17.022354669016508,0.1,0.5,0.5936,168,pos0.5_dd0.1,"['max_daily_loss_pct', 'max_drawdown_pct']",-0.4784806630346479,5.0,8.699197681458003,True,donchian_breakout,trend_ema_donchian,1h,-8.997632713350834,115,17.3984,blocked_risk,"['max_drawdown_pct=17.02', 'risk_denial_rate=59.36%', 'safety_stop']"
SOL,100.00000000000044,True,40.0,86.91429824264685,11.027653209386337,0.1,0.5,0.9162,1662,pos0.5_dd0.1,['max_drawdown_pct'],-1.1553417591160444,5.0,10.864288743676383,True,rsi_mean_reversion,rsi_bollinger_mr,1h,-9.1925200039919,152,21.7286,blocked_risk,"['risk_denial_rate=91.62%', 'safety_stop']"
SOL,99.99999999999993,True,40.0,143.95644405240193,17.34357311781923,0.1,0.5,0.9569,5557,pos0.5_dd0.1,['max_drawdown_pct'],-0.6916814695570728,5.0,17.99457246933855,True,bollinger_mean_reversion,rsi_bollinger_mr,1h,-9.409985641600258,250,35.9891,blocked_risk,"['max_drawdown_pct=17.34', 'risk_denial_rate=95.69%', 'safety_stop']"
SOL,100.00000000000023,True,40.0,50.24237096229394,5.567077115037989,0.1,0.5,0.0,0,pos0.5_dd0.1,[],-2.015013265126364,5.0,6.280296583260167,False,atr_breakout,breakout_atr,1h,-5.567077115037989,86,12.5606,blocked_costs,['cost_drag_pct=100.00']
BTC,100.00000000000277,True,40.0,40.79384504832907,19.338247272694517,0.15,0.5,0.7821,140,pos0.5_dd0.15,['max_drawdown_pct'],0.20627485650828634,5.0,5.099196224817945,True,trend_following,trend_ema_donchian,1d,10.53935531780985,39,10.1985,blocked_risk,"['max_drawdown_pct=19.34', 'risk_denial_rate=78.21%', 'safety_stop']"
BTC,99.99999999999991,True,40.0,48.680006000340065,16.38551180954676,0.15,0.5,0.0,0,pos0.5_dd0.15,[],0.2999927913564838,5.0,6.084981724280254,False,breakout,breakout_atr,1d,17.826653717552677,43,12.17,blocked_risk,['max_drawdown_pct=16.39']
BTC,99.99999999999892,True,40.0,133.32846467250326,17.0612541361087,0.15,0.5,0.2515,42,pos0.5_dd0.15,['max_drawdown_pct'],0.08201612348962403,5.0,16.666037003391807,True,mean_reversion,rsi_bollinger_mr,1d,2.3250364389067952,125,33.3321,blocked_risk,"['max_drawdown_pct=17.06', 'safety_stop']"
BTC,100.0000000000017,True,40.0,2.363940125702132,25.53358286213455,0.15,0.5,0.6154,8,pos0.5_dd0.15,['max_drawdown_pct'],0.3139536493905959,5.0,0.29544251394570153,True,grid,grid,1d,25.41739433431899,5,0.591,blocked_risk,"['max_drawdown_pct=25.53', 'risk_denial_rate=61.54%', 'safety_stop', 'grid_max_inventory']"
BTC,99.9999999999996,True,40.0,63.07106517713469,18.937518672073704,0.15,0.5,0.5268,59,pos0.5_dd0.15,['max_drawdown_pct'],0.4762706723074265,5.0,7.88389087410053,True,ema_crossover,trend_ema_donchian,1d,30.557056408084783,53,15.7678,blocked_risk,"['max_drawdown_pct=18.94', 'risk_denial_rate=52.68%', 'safety_stop']"
BTC,99.99999999999991,True,40.0,47.72025175940889,16.38551180954676,0.15,0.5,0.0,0,pos0.5_dd0.15,[],0.24779915289936386,5.0,5.965005247817203,False,donchian_breakout,trend_ema_donchian,1d,14.070647877826058,43,11.9301,blocked_risk,['max_drawdown_pct=16.39']
BTC,99.99999999999936,True,40.0,101.59781088665054,13.553735024688518,0.15,0.5,0.0,0,pos0.5_dd0.15,[],0.12717903416227205,5.0,12.699764788162014,False,rsi_mean_reversion,rsi_bollinger_mr,1d,3.941175317673651,102,25.3995,blocked_costs,['cost_drag_pct=100.00']
BTC,100.00000000000043,True,40.0,26.195561745005744,16.140557240462417,0.15,0.5,0.675,54,pos0.5_dd0.15,['max_drawdown_pct'],-0.3587581081670922,5.0,3.2744286840169536,True,bollinger_mean_reversion,rsi_bollinger_mr,1d,-9.5606424026357,26,6.5489,blocked_risk,"['max_drawdown_pct=16.14', 'risk_denial_rate=67.50%', 'safety_stop']"
BTC,100.000000000002,True,40.0,22.640443295176592,4.393086796987449,0.15,0.5,0.0,0,pos0.5_dd0.15,[],0.0692158631301039,5.0,2.8300632098147105,False,atr_breakout,breakout_atr,1d,0.5721165154621076,22,5.6601,blocked_costs,['cost_drag_pct=100.00']
BTC,100.00000000000193,True,40.0,100.32813241962512,8.201257887012611,0.15,0.5,0.0,0,pos0.5_dd0.15,[],0.41730045395691273,5.0,12.54106489525094,False,trend_following,trend_ema_donchian,4h,8.050199948175532,116,25.082,blocked_costs,['cost_drag_pct=100.00']
BTC,100.0000000000004,True,40.0,107.34890919965338,14.111692559877188,0.15,0.5,0.0,0,pos0.5_dd0.15,[],0.39386362987514273,5.0,13.418663581040846,False,breakout,breakout_atr,4h,7.895676950028724,120,26.8372,blocked_costs,['cost_drag_pct=100.00']
BTC,100.00000000000007,True,40.0,154.51344734453497,16.221568213598296,0.15,0.5,0.3544,112,pos0.5_dd0.15,['max_drawdown_pct'],-1.0055130542723991,5.0,19.314189484940442,True,mean_reversion,rsi_bollinger_mr,4h,-13.956013474105031,204,38.6284,blocked_risk,"['max_drawdown_pct=16.22', 'risk_denial_rate=35.44%', 'safety_stop']"
BTC,100.0000000000077,True,40.0,0.957813634257716,30.204954389996182,0.15,0.5,0.0,0,pos0.5_dd0.15,[],0.7227964080142112,5.0,0.11966687084677119,False,grid,grid,4h,48.106746578666616,3,0.2395,insufficient_trades,['trade_count=3 < 10']
BTC,100.00000000000036,True,40.0,116.69730623919814,12.985396693213284,0.15,0.5,0.0,0,pos0.5_dd0.15,[],0.338933665918533,5.0,14.58721248175587,False,ema_crossover,trend_ema_donchian,4h,6.552291148245604,132,29.1743,blocked_costs,['cost_drag_pct=100.00']
BTC,100.00000000000044,True,40.0,98.76578547998085,15.739622271409242,0.15,0.5,0.1556,21,pos0.5_dd0.15,['max_drawdown_pct'],0.08621176374332093,5.0,12.345753659247919,True,donchian_breakout,trend_ema_donchian,4h,1.078546756170215,114,24.6914,blocked_risk,"['max_drawdown_pct=15.74', 'safety_stop']"
BTC,100.0000000000006,True,40.0,140.2370508142849,21.077391498735235,0.15,0.5,0.8543,1085,pos0.5_dd0.15,['max_drawdown_pct'],-1.1216543937097578,5.0,17.52959296676204,True,rsi_mean_reversion,rsi_bollinger_mr,4h,-17.607361504751136,185,35.0593,blocked_risk,"['max_drawdown_pct=21.08', 'risk_denial_rate=85.43%', 'safety_stop']"
BTC,100.00000000000011,True,40.0,163.5734188139457,18.41315335000527,0.15,0.5,0.7104,525,pos0.5_dd0.15,['max_drawdown_pct'],-0.863655870019834,5.0,20.44668950602218,True,bollinger_mean_reversion,rsi_bollinger_mr,4h,-13.54029841638146,214,40.8934,blocked_risk,"['max_drawdown_pct=18.41', 'risk_denial_rate=71.04%', 'safety_stop']"
BTC,99.99999999999952,True,40.0,56.811258758431165,4.846769434708892,0.15,0.5,0.0,0,pos0.5_dd0.15,[],-1.612158648913209,5.0,7.10141250421222,False,atr_breakout,breakout_atr,4h,-4.327503504476067,72,14.2028,blocked_costs,['cost_drag_pct=100.00']
BTC,100.00000000000068,True,40.0,102.43286311565647,14.242268000150348,0.15,0.5,0.0,0,pos0.5_dd0.15,[],-0.9002564574761028,5.0,12.804114649146499,False,trend_following,trend_ema_donchian,1h,-8.819821413105739,172,25.6082,blocked_costs,['cost_drag_pct=100.00']
BTC,100.00000000000024,True,40.0,106.27548052211768,13.33568906297757,0.15,0.5,0.0,0,pos0.5_dd0.15,[],-1.011970302034506,5.0,13.284440704361941,False,breakout,breakout_atr,1h,-9.70035265265767,184,26.5689,blocked_costs,['cost_drag_pct=100.00']
BTC,100.00000000000011,True,40.0,158.622132595004,15.658850951512868,0.15,0.5,0.5786,390,pos0.5_dd0.15,['max_drawdown_pct'],-2.179193662469904,5.0,19.827774000810223,True,mean_reversion,rsi_bollinger_mr,1h,-14.874416030799717,284,39.6555,blocked_risk,"['max_drawdown_pct=15.66', 'risk_denial_rate=57.86%', 'safety_stop']"
BTC,100.00000000000631,True,40.0,3.0605643289785402,6.965532347887926,0.15,0.5,0.0,0,pos0.5_dd0.15,[],0.2321686638045474,5.0,0.382553187690867,False,grid,grid,1h,1.91663868740053,11,0.7651,insufficient_trades,['trade_count=11 < 20']
BTC,99.99999999999979,True,40.0,101.8456063124138,15.062700641093263,0.15,0.5,0.8219,794,pos0.5_dd0.15,['max_drawdown_pct'],-1.0417283231138965,5.0,12.730705420672251,True,ema_crossover,trend_ema_donchian,1h,-9.604982333930456,172,25.4614,blocked_risk,"['max_drawdown_pct=15.06', 'risk_denial_rate=82.19%', 'safety_stop']"
BTC,99.99999999999939,True,40.0,103.99930819290702,12.627666553415793,0.15,0.5,0.0,0,pos0.5_dd0.15,[],-0.9733673158457626,5.0,12.999919558068768,False,donchian_breakout,trend_ema_donchian,1h,-9.286340075608848,180,25.9998,blocked_costs,['cost_drag_pct=100.00']
BTC,100.00000000000023,True,40.0,189.53130937542556,15.425691059039814,0.15,0.5,0.7358,958,pos0.5_dd0.15,['max_drawdown_pct'],-2.340086689495035,5.0,23.69142978636461,True,rsi_mean_reversion,rsi_bollinger_mr,1h,-14.876498341018396,344,47.3828,blocked_risk,"['max_drawdown_pct=15.43', 'risk_denial_rate=73.58%', 'safety_stop']"
BTC,99.99999999999959,True,40.0,154.24243035837947,15.523963276617032,0.15,0.5,0.7024,656,pos0.5_dd0.15,['max_drawdown_pct'],-2.746500615326299,5.0,19.280309647100438,True,bollinger_mean_reversion,rsi_bollinger_mr,1h,-15.011351965285973,278,38.5606,blocked_risk,"['max_drawdown_pct=15.52', 'risk_denial_rate=70.24%', 'safety_stop']"
BTC,99.99999999999962,True,40.0,82.69194276370725,8.387945677369112,0.15,0.5,0.0,0,pos0.5_dd0.15,[],-4.15823128909633,5.0,10.336495132707483,False,atr_breakout,breakout_atr,1h,-8.387945677369112,144,20.673,blocked_costs,['cost_drag_pct=100.00']
ETH,99.99999999999977,True,40.0,32.69089844156056,19.078635862667806,0.15,0.5,0.8098,132,pos0.5_dd0.15,['max_drawdown_pct'],0.19167202136027536,5.0,4.0863304750140514,True,trend_following,trend_ema_donchian,1d,11.28237928897031,31,8.1727,blocked_risk,"['max_drawdown_pct=19.08', 'risk_denial_rate=80.98%', 'safety_stop']"
ETH,100.00000000000256,True,40.0,22.783319625140336,27.621243773846683,0.15,0.5,0.5714,28,pos0.5_dd0.15,['max_drawdown_pct'],0.147231664253434,5.0,2.8478774392715707,True,breakout,breakout_atr,1d,7.340076267499716,21,5.6958,blocked_risk,"['max_drawdown_pct=27.62', 'risk_denial_rate=57.14%', 'safety_stop']"
ETH,99.99999999999967,True,40.0,130.9564485626739,18.311024973838002,0.15,0.5,0.264,47,pos0.5_dd0.15,['max_drawdown_pct'],-0.09830957825168367,5.0,16.36951781833693,True,mean_reversion,rsi_bollinger_mr,1d,-8.008300952796684,131,32.7391,blocked_risk,"['max_drawdown_pct=18.31', 'safety_stop']"
ETH,100.00000000000155,True,40.0,4.761628313354306,21.802759308118805,0.15,0.5,0.0,0,pos0.5_dd0.15,[],0.10008473606191365,5.0,0.5951641172471085,False,grid,grid,1d,3.6088083649260625,11,1.1904,blocked_risk,['max_drawdown_pct=21.80']
ETH,99.999999999998,True,40.0,16.82856588284567,16.654286354028454,0.15,0.5,0.9763,659,pos0.5_dd0.15,['max_drawdown_pct'],0.03324793996879544,5.0,2.1035756977909443,True,ema_crossover,trend_ema_donchian,1d,0.09176000825500523,16,4.2071,blocked_risk,"['max_drawdown_pct=16.65', 'risk_denial_rate=97.63%', 'safety_stop']"
ETH,99.99999999999866,True,40.0,34.67599966985119,19.620357067417967,0.15,0.5,0.1622,6,pos0.5_dd0.15,['max_drawdown_pct'],0.24126763863462777,5.0,4.334482136426516,True,donchian_breakout,trend_ema_donchian,1d,15.854609943196715,31,8.669,blocked_risk,"['max_drawdown_pct=19.62', 'safety_stop']"
ETH,99.99999999999999,True,40.0,106.33783840685273,14.505713657812558,0.15,0.5,0.0,0,pos0.5_dd0.15,[],0.05795756606627678,5.0,13.292199384734516,False,rsi_mean_reversion,rsi_bollinger_mr,1d,1.1848337544453558,99,26.5845,blocked_costs,['cost_drag_pct=100.00']
ETH,100.00000000000044,True,40.0,69.86679939696502,17.708414789795658,0.15,0.5,0.0854,7,pos0.5_dd0.15,['max_drawdown_pct'],-0.18657173318592735,5.0,8.733289268951467,True,bollinger_mean_reversion,rsi_bollinger_mr,1d,-10.428281451476266,75,17.4667,blocked_risk,"['max_drawdown_pct=17.71', 'safety_stop']"
ETH,99.99999999999882,True,40.0,20.06106794629783,2.255402077944649,0.15,0.5,0.0,0,pos0.5_dd0.15,[],0.27933532788113974,5.0,2.5076466317682105,False,atr_breakout,breakout_atr,1d,2.9985210597652667,20,5.0153,blocked_costs,['cost_drag_pct=100.00']
ETH,99.9999999999996,True,40.0,57.339645721149175,22.719136585798925,0.15,0.5,0.9485,1290,pos0.5_dd0.15,['max_drawdown_pct'],-0.008817874324681035,5.0,7.167468910486235,True,trend_following,trend_ema_donchian,4h,-1.172574102431747,70,14.3349,blocked_risk,"['max_drawdown_pct=22.72', 'risk_denial_rate=94.85%', 'safety_stop']"
ETH,99.99999999999956,True,40.0,98.85787323942758,20.09990646156664,0.15,0.5,0.125,17,pos0.5_dd0.15,['max_drawdown_pct'],-0.08036199522108466,5.0,12.357208749030605,True,breakout,breakout_atr,4h,-3.54566802857114,119,24.7145,blocked_risk,"['max_drawdown_pct=20.10', 'safety_stop']"
ETH,99.99999999999996,True,40.0,85.74212796636765,15.79238827082396,0.15,0.5,0.7667,368,pos0.5_dd0.15,['max_drawdown_pct'],-1.1550018940829538,5.0,10.717754757773804,True,mean_reversion,rsi_bollinger_mr,4h,-14.141196667696146,112,21.4355,blocked_risk,"['max_drawdown_pct=15.79', 'risk_denial_rate=76.67%', 'safety_stop']"
ETH,100.00000000000453,True,40.0,3.396139164328235,14.223746207484847,0.15,0.5,0.0,0,pos0.5_dd0.15,[],0.09737489292350994,5.0,0.4244926443626156,False,grid,grid,4h,1.4333479274415482,9,0.849,insufficient_trades,['trade_count=9 < 10']
ETH,99.99999999999982,True,40.0,101.28159260100584,22.68116332249698,0.15,0.5,0.8031,518,pos0.5_dd0.15,['max_drawdown_pct'],-0.22592639721469926,5.0,12.660166443489544,True,ema_crossover,trend_ema_donchian,4h,-7.421385319128479,127,25.3204,blocked_risk,"['max_drawdown_pct=22.68', 'risk_denial_rate=80.31%', 'safety_stop']"
ETH,100.00000000000048,True,40.0,98.21796812569372,19.443557828511615,0.15,0.5,0.0775,10,pos0.5_dd0.15,['max_drawdown_pct'],-0.1153994880729883,5.0,12.277218539952912,True,donchian_breakout,trend_ema_donchian,4h,-4.514424014814472,119,24.5545,blocked_risk,"['max_drawdown_pct=19.44', 'safety_stop']"
ETH,99.99999999999947,True,40.0,75.75274158730376,16.337417688072115,0.15,0.5,0.8397,524,pos0.5_dd0.15,['max_drawdown_pct'],-1.246008639862706,5.0,9.46907738973286,True,rsi_mean_reversion,rsi_bollinger_mr,4h,-14.64565358966695,100,18.9382,blocked_risk,"['max_drawdown_pct=16.34', 'risk_denial_rate=83.97%', 'safety_stop']"
ETH,100.00000000000017,True,40.0,100.4863938877495,17.1905291183728,0.15,0.5,0.6049,199,pos0.5_dd0.15,['max_drawdown_pct'],-0.992618531924062,5.0,12.560793354167885,True,bollinger_mean_reversion,rsi_bollinger_mr,4h,-13.657438543237765,130,25.1216,blocked_risk,"['max_drawdown_pct=17.19', 'risk_denial_rate=60.49%', 'safety_stop']"
ETH,100.00000000000031,True,40.0,54.23968264674268,2.220518446525475,0.15,0.5,0.0,0,pos0.5_dd0.15,[],-0.1307945968723364,5.0,6.779974031139886,False,atr_breakout,breakout_atr,4h,-0.6218465213039395,68,13.5599,blocked_costs,['cost_drag_pct=100.00']
ETH,100.00000000000058,True,40.0,97.07334248822337,13.015520672152764,0.15,0.5,0.0,0,pos0.5_dd0.15,[],-0.632771182438015,5.0,12.134172621895303,False,trend_following,trend_ema_donchian,1h,-8.996404019255237,166,24.2683,blocked_costs,['cost_drag_pct=100.00']
ETH,99.99999999999999,True,40.0,100.04648720941917,10.522803551436628,0.15,0.5,0.0,0,pos0.5_dd0.15,[],-0.4109599336430366,5.0,12.505824913278161,False,breakout,breakout_atr,1h,-5.650390369871093,170,25.0116,blocked_costs,['cost_drag_pct=100.00']
ETH,100.00000000000054,True,40.0,137.6603860040599,16.270019346613772,0.15,0.5,0.726,657,pos0.5_dd0.15,"['max_drawdown_pct', 'max_trades_per_day']",-1.5391998618554883,5.0,17.207550528901407,True,mean_reversion,rsi_bollinger_mr,1h,-14.575435359267717,248,34.4151,blocked_risk,"['max_drawdown_pct=16.27', 'risk_denial_rate=72.60%', 'safety_stop']"
ETH,99.99999999999977,True,40.0,5.716102644226914,11.40413364282061,0.15,0.5,0.0,0,pos0.5_dd0.15,[],-0.07783737992853708,5.0,0.7144898356516265,False,grid,grid,1h,-1.2731889497108113,23,1.429,blocked_costs,['cost_drag_pct=100.00']
ETH,100.00000000000068,True,40.0,99.57792318097414,15.577649782424144,0.15,0.5,0.8853,1343,pos0.5_dd0.15,['max_drawdown_pct'],-0.9257254661287903,5.0,12.447239343657998,True,ema_crossover,trend_ema_donchian,1h,-11.624101144705287,174,24.8945,blocked_risk,"['max_drawdown_pct=15.58', 'risk_denial_rate=88.53%', 'safety_stop']"
ETH,99.99999999999899,True,40.0,99.75851895172609,10.652503551742402,0.15,0.5,0.0,0,pos0.5_dd0.15,[],-0.45278032108027877,5.0,12.469827421727203,False,donchian_breakout,trend_ema_donchian,1h,-6.201729546777961,170,24.9396,blocked_costs,['cost_drag_pct=100.00']
ETH,99.99999999999974,True,40.0,117.94812159307143,21.511035486303843,0.15,0.5,0.9568,4736,pos0.5_dd0.15,['max_drawdown_pct'],-1.4641820780306776,5.0,14.743511143769922,True,rsi_mean_reversion,rsi_bollinger_mr,1h,-14.891308198622678,214,29.487,blocked_risk,"['max_drawdown_pct=21.51', 'risk_denial_rate=95.68%', 'safety_stop']"
ETH,99.99999999999974,True,40.0,137.82545629051577,21.600429354378992,0.15,0.5,0.9438,4198,pos0.5_dd0.15,['max_drawdown_pct'],-1.4629204755588292,5.0,17.228183449669814,True,bollinger_mean_reversion,rsi_bollinger_mr,1h,-14.940021134980611,250,34.4564,blocked_risk,"['max_drawdown_pct=21.60', 'risk_denial_rate=94.38%', 'safety_stop']"
ETH,99.99999999999946,True,40.0,64.5427814019404,5.896426506088372,0.15,0.5,0.0,0,pos0.5_dd0.15,[],-2.3654143995911197,5.0,8.067853054301764,False,atr_breakout,breakout_atr,1h,-5.109439380546519,110,16.1357,blocked_costs,['cost_drag_pct=100.00']
SOL,100.00000000000104,True,40.0,1.0005,67.02216073763881,0.15,0.5,0.9989,907,pos0.5_dd0.15,"['max_drawdown_pct', 'max_position_fraction']",0.28212235136459923,5.0,0.125,True,trend_following,trend_ema_donchian,1d,31.308432735723773,1,0.2501,insufficient_trades,['trade_count=1 < 5']
SOL,100.00000000000104,True,40.0,1.0005,67.5157553508636,0.15,0.5,0.9867,74,pos0.5_dd0.15,['max_drawdown_pct'],0.2870233873697605,5.0,0.125,True,breakout,breakout_atr,1d,32.6996098084041,1,0.2501,insufficient_trades,['trade_count=1 < 5']
SOL,100.0000000000018,True,40.0,33.99715753854452,31.204360414705935,0.15,0.5,0.9519,673,pos0.5_dd0.15,['max_drawdown_pct'],-0.08781446012728035,5.0,4.249635972970566,True,mean_reversion,rsi_bollinger_mr,1d,-7.312418147307449,34,8.4993,blocked_risk,"['max_drawdown_pct=31.20', 'risk_denial_rate=95.19%', 'safety_stop']"
SOL,99.99999999999699,True,40.0,1.1798677688709658,77.60268231119416,0.15,0.5,0.7273,8,pos0.5_dd0.15,['max_drawdown_pct'],0.380821148975898,5.0,0.1474097662257492,True,grid,grid,1d,66.58740202816311,3,0.295,insufficient_trades,['trade_count=3 < 5']
SOL,99.99999999999791,True,40.0,2.6598710269739967,67.5157553508636,0.15,0.5,0.9967,919,pos0.5_dd0.15,"['max_drawdown_pct', 'max_position_fraction']",0.25941111771782793,5.0,0.3324087955333255,True,ema_crossover,trend_ema_donchian,1d,23.45016690438938,3,0.665,insufficient_trades,['trade_count=3 < 5']
SOL,100.00000000000104,True,40.0,1.0005,67.5157553508636,0.15,0.5,0.9865,73,pos0.5_dd0.15,['max_drawdown_pct'],0.2870233873697605,5.0,0.125,True,donchian_breakout,trend_ema_donchian,1d,32.6996098084041,1,0.2501,insufficient_trades,['trade_count=1 < 5']
SOL,100.00000000000173,True,40.0,29.31299779272038,32.109796971489764,0.15,0.5,0.9593,660,pos0.5_dd0.15,['max_drawdown_pct'],0.010881844823798241,5.0,3.664128500020496,True,rsi_mean_reversion,rsi_bollinger_mr,1d,-1.7873403379574482,28,7.3282,blocked_risk,"['max_drawdown_pct=32.11', 'risk_denial_rate=95.93%', 'safety_stop']"
SOL,99.99999999999999,True,40.0,76.41467315128362,23.889864060265612,0.15,0.5,0.4478,60,pos0.5_dd0.15,['max_drawdown_pct'],0.10048268760730837,5.0,9.551864892553454,True,bollinger_mean_reversion,rsi_bollinger_mr,1d,3.7028038547804045,74,19.1037,blocked_risk,"['max_drawdown_pct=23.89', 'risk_denial_rate=44.78%', 'safety_stop']"
SOL,99.9999999999997,True,40.0,12.422369383926181,3.5412835484864282,0.15,0.5,0.0,0,pos0.5_dd0.15,[],0.10098679493555793,5.0,1.5528024708914074,False,atr_breakout,breakout_atr,1d,1.121643099692585,12,3.1056,blocked_costs,['cost_drag_pct=100.00']
SOL,99.99999999999962,True,40.0,121.9555368101862,14.498976167399425,0.15,0.5,0.0,0,pos0.5_dd0.15,[],1.031966706987759,5.0,15.244612127871449,False,trend_following,trend_ema_donchian,4h,54.29062499346963,98,30.4889,blocked_costs,['cost_drag_pct=100.00']
SOL,100.00000000000048,True,40.0,128.6392757360561,16.11928334418892,0.15,0.5,0.1719,22,pos0.5_dd0.15,['max_drawdown_pct'],0.9550646659428779,5.0,16.080068352303243,True,breakout,breakout_atr,4h,49.08218489986139,106,32.1598,blocked_risk,"['max_drawdown_pct=16.12', 'safety_stop']"
SOL,100.00000000000064,True,40.0,163.38578124383685,17.182055049369087,0.15,0.5,0.4653,181,pos0.5_dd0.15,['max_drawdown_pct'],-0.38132657375977974,5.0,20.423241523167633,True,mean_reversion,rsi_bollinger_mr,4h,-10.833826195489848,208,40.8464,blocked_risk,"['max_drawdown_pct=17.18', 'risk_denial_rate=46.53%', 'safety_stop']"
SOL,100.0000000000023,True,40.0,3.05019873136174,3.39130635225898,0.15,0.5,0.0,0,pos0.5_dd0.15,[],-0.8998685807639035,5.0,0.3812672461377815,False,grid,grid,4h,-3.38125956196925,8,0.7625,insufficient_trades,['trade_count=8 < 10']
SOL,100.00000000000033,True,40.0,144.3992712882166,15.172396812288943,0.15,0.5,0.5522,148,pos0.5_dd0.15,"['max_daily_loss_pct', 'max_drawdown_pct']",0.8946419657525325,5.0,18.050062479385673,True,ema_crossover,trend_ema_donchian,4h,45.1824109065596,120,36.0998,blocked_risk,"['max_drawdown_pct=15.17', 'risk_denial_rate=55.22%', 'safety_stop']"
SOL,99.99999999999997,True,40.0,128.1625115692171,16.95573570227292,0.15,0.5,0.0702,8,pos0.5_dd0.15,['max_drawdown_pct'],0.9552782304648675,5.0,16.02047423234754,True,donchian_breakout,trend_ema_donchian,4h,49.69618034781956,106,32.0406,blocked_risk,"['max_drawdown_pct=16.96', 'safety_stop']"
SOL,99.99999999999987,True,40.0,123.790044233509,16.596667921036605,0.15,0.5,0.6,240,pos0.5_dd0.15,['max_drawdown_pct'],-0.3966366417332683,5.0,15.473764460463997,True,rsi_mean_reversion,rsi_bollinger_mr,4h,-10.353869955051687,160,30.9475,blocked_risk,"['max_drawdown_pct=16.60', 'risk_denial_rate=60.00%', 'safety_stop']"
SOL,99.99999999999953,True,40.0,182.7291195150277,17.692399973546827,0.15,0.5,0.4979,235,pos0.5_dd0.15,['max_drawdown_pct'],-0.40863682531583734,5.0,22.841119705336922,True,bollinger_mean_reversion,rsi_bollinger_mr,4h,-11.871400919499148,237,45.6823,blocked_risk,"['max_drawdown_pct=17.69', 'risk_denial_rate=49.79%', 'safety_stop']"
SOL,99.99999999999886,True,40.0,53.04927787267272,7.435682772856146,0.15,0.5,0.0,0,pos0.5_dd0.15,[],-1.7214078399210466,5.0,6.63115825671062,False,atr_breakout,breakout_atr,4h,-6.558992705420668,68,13.2623,blocked_costs,['cost_drag_pct=100.00']
SOL,99.99999999999879,True,40.0,104.2773098807447,14.240383608670074,0.15,0.5,0.0,0,pos0.5_dd0.15,[],-0.388328403594829,5.0,13.034674751699043,False,trend_following,trend_ema_donchian,1h,-7.3245553689159015,174,26.0693,blocked_costs,['cost_drag_pct=100.00']
SOL,99.99999999999943,True,40.0,85.58389066869762,19.995785678805944,0.15,0.5,0.4139,101,pos0.5_dd0.15,"['max_daily_loss_pct', 'max_drawdown_pct']",-0.6115890319862731,5.0,10.697959031414342,True,breakout,breakout_atr,1h,-11.10817772215746,143,21.396,blocked_risk,"['max_drawdown_pct=20.00', 'risk_denial_rate=41.39%', 'safety_stop']"
SOL,99.99999999999996,True,40.0,120.42571662955447,16.327419173321633,0.15,0.5,0.7796,750,pos0.5_dd0.15,['max_drawdown_pct'],-1.3013615372624237,5.0,15.053213838733242,True,mean_reversion,rsi_bollinger_mr,1h,-13.843876874522199,212,30.1064,blocked_risk,"['max_drawdown_pct=16.33', 'risk_denial_rate=77.96%', 'safety_stop']"
SOL,100.00000000000082,True,40.0,6.527263258555632,10.107674245551133,0.15,0.5,0.037,1,pos0.5_dd0.15,['max_trades_per_day'],-0.08055407374848791,5.0,0.8158736640754896,False,grid,grid,1h,-1.8222484123555889,26,1.6318,blocked_costs,['cost_drag_pct=100.00']
SOL,100.00000000000095,True,40.0,90.99256262834886,15.784015937797037,0.15,0.5,0.8894,1222,pos0.5_dd0.15,['max_drawdown_pct'],-0.4460166637108533,5.0,11.374076167317156,True,ema_crossover,trend_ema_donchian,1h,-7.901153937666481,152,22.7481,blocked_risk,"['max_drawdown_pct=15.78', 'risk_denial_rate=88.94%', 'safety_stop']"
SOL,99.99999999999945,True,40.0,82.25067316498416,20.048371293603147,0.15,0.5,0.435,107,pos0.5_dd0.15,"['max_daily_loss_pct', 'max_drawdown_pct']",-0.6737970614645806,5.0,10.281303702645289,True,donchian_breakout,trend_ema_donchian,1h,-12.094238267190486,139,20.5627,blocked_risk,"['max_drawdown_pct=20.05', 'risk_denial_rate=43.50%', 'safety_stop']"
SOL,100.00000000000004,True,40.0,118.89093115120302,17.393196717795085,0.15,0.5,0.8737,1466,pos0.5_dd0.15,['max_drawdown_pct'],-1.3601305773133767,5.0,14.861364345799984,True,rsi_mean_reversion,rsi_bollinger_mr,1h,-14.194469029160894,212,29.7227,blocked_risk,"['max_drawdown_pct=17.39', 'risk_denial_rate=87.37%', 'safety_stop']"
SOL,99.99999999999989,True,40.0,161.72318979947158,16.459592682788113,0.15,0.5,0.7256,751,pos0.5_dd0.15,['max_drawdown_pct'],-1.473056930774957,5.0,20.215408081051265,True,bollinger_mean_reversion,rsi_bollinger_mr,1h,-14.451412020345492,284,40.4308,blocked_risk,"['max_drawdown_pct=16.46', 'risk_denial_rate=72.56%', 'safety_stop']"
SOL,100.00000000000023,True,40.0,50.24237096229394,5.567077115037989,0.15,0.5,0.0,0,pos0.5_dd0.15,[],-2.015013265126364,5.0,6.280296583260167,False,atr_breakout,breakout_atr,1h,-5.567077115037989,86,12.5606,blocked_costs,['cost_drag_pct=100.00']
BTC,100.00000000000134,True,40.0,44.87739772432842,21.04286258811173,0.25,0.5,0.0,0,pos0.5_dd0.25,[],0.1496024774548172,5.0,5.609634399200047,False,trend_following,trend_ema_donchian,1d,6.716835064052748,45,11.2193,blocked_risk,['max_drawdown_pct=21.04']
BTC,99.99999999999991,True,40.0,48.680006000340065,16.38551180954676,0.25,0.5,0.0,0,pos0.5_dd0.25,[],0.2999927913564838,5.0,6.084981724280254,False,breakout,breakout_atr,1d,17.826653717552677,43,12.17,blocked_risk,['max_drawdown_pct=16.39']
BTC,99.99999999999989,True,40.0,137.41506272863452,16.274767288402224,0.25,0.5,0.0,0,pos0.5_dd0.25,[],0.0846818982334225,5.0,17.17686312374471,False,mean_reversion,rsi_bollinger_mr,1d,2.4394209494585763,129,34.3538,blocked_risk,['max_drawdown_pct=16.27']
BTC,100.00000000000443,True,40.0,5.6635299379554445,23.04982846084898,0.25,0.5,0.0,0,pos0.5_dd0.25,[],0.3762126449924938,5.0,0.7079060297158435,False,grid,grid,1d,31.37329240616759,13,1.4159,blocked_risk,"['max_drawdown_pct=23.05', 'grid_max_inventory']"
BTC,99.99999999999828,True,40.0,65.29732632712707,20.375627581340815,0.25,0.5,0.0,0,pos0.5_dd0.25,[],0.4320649881236337,5.0,8.162167680279794,False,ema_crossover,trend_ema_donchian,1d,27.040707828296174,57,16.3243,blocked_risk,['max_drawdown_pct=20.38']
BTC,99.99999999999991,True,40.0,47.72025175940889,16.38551180954676,0.25,0.5,0.0,0,pos0.5_dd0.25,[],0.24779915289936386,5.0,5.965005247817203,False,donchian_breakout,trend_ema_donchian,1d,14.070647877826058,43,11.9301,blocked_risk,['max_drawdown_pct=16.39']
BTC,99.99999999999936,True,40.0,101.59781088665054,13.553735024688518,0.25,0.5,0.0,0,pos0.5_dd0.25,[],0.12717903416227205,5.0,12.699764788162014,False,rsi_mean_reversion,rsi_bollinger_mr,1d,3.941175317673651,102,25.3995,blocked_costs,['cost_drag_pct=100.00']
BTC,99.99999999999906,True,40.0,74.84181182251226,16.140557240462417,0.25,0.5,0.0,0,pos0.5_dd0.25,[],0.018592711678424356,5.0,9.355246856454045,False,bollinger_mean_reversion,rsi_bollinger_mr,1d,-0.26824936071085403,74,18.7105,blocked_risk,['max_drawdown_pct=16.14']
BTC,100.000000000002,True,40.0,22.640443295176592,4.393086796987449,0.25,0.5,0.0,0,pos0.5_dd0.25,[],0.0692158631301039,5.0,2.8300632098147105,False,atr_breakout,breakout_atr,1d,0.5721165154621076,22,5.6601,blocked_costs,['cost_drag_pct=100.00']
BTC,100.00000000000193,True,40.0,100.32813241962512,8.201257887012611,0.25,0.5,0.0,0,pos0.5_dd0.25,[],0.41730045395691273,5.0,12.54106489525094,False,trend_following,trend_ema_donchian,4h,8.050199948175532,116,25.082,blocked_costs,['cost_drag_pct=100.00']
BTC,100.0000000000004,True,40.0,107.34890919965338,14.111692559877188,0.25,0.5,0.0,0,pos0.5_dd0.25,[],0.39386362987514273,5.0,13.418663581040846,False,breakout,breakout_atr,4h,7.895676950028724,120,26.8372,blocked_costs,['cost_drag_pct=100.00']
BTC,100.00000000000024,True,40.0,173.22417758463013,19.971160156977138,0.25,0.5,0.0,0,pos0.5_dd0.25,[],-1.0986814212368083,5.0,21.653030520759614,False,mean_reversion,rsi_bollinger_mr,4h,-16.08441409844329,232,43.306,blocked_risk,['max_drawdown_pct=19.97']
BTC,100.0000000000077,True,40.0,0.957813634257716,30.204954389996182,0.25,0.5,0.0,0,pos0.5_dd0.25,[],0.7227964080142112,5.0,0.11966687084677119,False,grid,grid,4h,48.106746578666616,3,0.2395,insufficient_trades,['trade_count=3 < 10']
BTC,100.00000000000036,True,40.0,116.69730623919814,12.985396693213284,0.25,0.5,0.0,0,pos0.5_dd0.25,[],0.338933665918533,5.0,14.58721248175587,False,ema_crossover,trend_ema_donchian,4h,6.552291148245604,132,29.1743,blocked_costs,['cost_drag_pct=100.00']
BTC,100.00000000000038,True,40.0,103.72194298262725,16.11883266226282,0.25,0.5,0.0,0,pos0.5_dd0.25,[],0.15927229210332453,5.0,12.96527870899061,False,donchian_breakout,trend_ema_donchian,4h,2.665743285931717,120,25.9305,blocked_risk,['max_drawdown_pct=16.12']
BTC,100.00000000000038,True,40.0,167.3597137847603,21.485402956299392,0.25,0.5,0.0,0,pos0.5_dd0.25,[],-1.1990987462218619,5.0,20.919966795197098,False,rsi_mean_reversion,rsi_bollinger_mr,4h,-17.726267236736465,226,41.8399,blocked_risk,['max_drawdown_pct=21.49']
BTC,99.99999999999999,True,40.0,175.90818516547537,18.215453771852673,0.25,0.5,0.0,0,pos0.5_dd0.25,[],-0.9321846323720145,5.0,21.98853830124574,False,bollinger_mean_reversion,rsi_bollinger_mr,4h,-13.727446922722583,232,43.977,blocked_risk,['max_drawdown_pct=18.22']
BTC,99.99999999999952,True,40.0,56.811258758431165,4.846769434708892,0.25,0.5,0.0,0,pos0.5_dd0.25,[],-1.612158648913209,5.0,7.10141250421222,False,atr_breakout,breakout_atr,4h,-4.327503504476067,72,14.2028,blocked_costs,['cost_drag_pct=100.00']
BTC,100.00000000000068,True,40.0,102.43286311565647,14.242268000150348,0.25,0.5,0.0,0,pos0.5_dd0.25,[],-0.9002564574761028,5.0,12.804114649146499,False,trend_following,trend_ema_donchian,1h,-8.819821413105739,172,25.6082,blocked_costs,['cost_drag_pct=100.00']
BTC,100.00000000000024,True,40.0,106.27548052211768,13.33568906297757,0.25,0.5,0.0,0,pos0.5_dd0.25,[],-1.011970302034506,5.0,13.284440704361941,False,breakout,breakout_atr,1h,-9.70035265265767,184,26.5689,blocked_costs,['cost_drag_pct=100.00']
BTC,99.9999999999999,True,40.0,194.64489596056362,21.147465965008898,0.25,0.5,0.0,0,pos0.5_dd0.25,[],-2.7733159839446193,5.0,24.330614472149293,False,mean_reversion,rsi_bollinger_mr,1h,-20.906718579966913,358,48.6612,blocked_risk,['max_drawdown_pct=21.15']
BTC,100.00000000000631,True,40.0,3.0605643289785402,6.965532347887926,0.25,0.5,0.0,0,pos0.5_dd0.25,[],0.2321686638045474,5.0,0.382553187690867,False,grid,grid,1h,1.91663868740053,11,0.7651,insufficient_trades,['trade_count=11 < 20']
BTC,99.99999999999983,True,40.0,109.45315761025056,15.543423317372495,0.25,0.5,0.0,0,pos0.5_dd0.25,[],-1.0696842320372701,5.0,13.68165008586206,False,ema_crossover,trend_ema_donchian,1h,-10.15964780207786,186,27.3633,blocked_risk,['max_drawdown_pct=15.54']
BTC,99.99999999999939,True,40.0,103.99930819290702,12.627666553415793,0.25,0.5,0.0,0,pos0.5_dd0.25,[],-0.9733673158457626,5.0,12.999919558068768,False,donchian_breakout,trend_ema_donchian,1h,-9.286340075608848,180,25.9998,blocked_costs,['cost_drag_pct=100.00']
BTC,100.00000000000007,True,40.0,259.65736232425365,25.250306855548022,0.25,0.5,0.4082,338,pos0.5_dd0.25,['max_drawdown_pct'],-3.6226585064384964,5.0,32.457181083702764,True,rsi_mean_reversion,rsi_bollinger_mr,1h,-24.89418456200216,490,64.9143,blocked_risk,"['max_drawdown_pct=25.25', 'risk_denial_rate=40.82%', 'safety_stop']"
BTC,99.9999999999996,True,40.0,255.91076952519762,25.192598870421694,0.25,0.5,0.416,349,pos0.5_dd0.25,['max_drawdown_pct'],-4.073380903634021,5.0,31.988855551627168,True,bollinger_mean_reversion,rsi_bollinger_mr,1h,-25.045570156542396,490,63.9777,blocked_risk,"['max_drawdown_pct=25.19', 'risk_denial_rate=41.60%', 'safety_stop']"
BTC,99.99999999999962,True,40.0,82.69194276370725,8.387945677369112,0.25,0.5,0.0,0,pos0.5_dd0.25,[],-4.15823128909633,5.0,10.336495132707483,False,atr_breakout,breakout_atr,1h,-8.387945677369112,144,20.673,blocked_costs,['cost_drag_pct=100.00']
ETH,100.00000000000107,True,40.0,37.47133838610181,19.096630055736675,0.25,0.5,0.0,0,pos0.5_dd0.25,[],0.15599389313766834,5.0,4.683881093493596,False,trend_following,trend_ema_donchian,1d,8.236886366820386,37,9.3678,blocked_risk,['max_drawdown_pct=19.10']
ETH,99.99999999999893,True,40.0,38.69370397768815,26.57966625021751,0.25,0.5,0.0256,1,pos0.5_dd0.25,['max_drawdown_pct'],0.13832231108666376,5.0,4.83674105071205,True,breakout,breakout_atr,1d,6.868356156839536,38,9.6734,blocked_risk,"['max_drawdown_pct=26.58', 'safety_stop']"
ETH,99.99999999999994,True,40.0,140.752226226178,16.96630242218395,0.25,0.5,0.0,0,pos0.5_dd0.25,[],-0.08833340389972208,5.0,17.59404900807033,False,mean_reversion,rsi_bollinger_mr,1d,-7.443029895256665,138,35.1881,blocked_risk,['max_drawdown_pct=16.97']
ETH,100.00000000000155,True,40.0,4.761628313354306,21.802759308118805,0.25,0.5,0.0,0,pos0.5_dd0.25,[],0.10008473606191365,5.0,0.5951641172471085,False,grid,grid,1d,3.6088083649260625,11,1.1904,blocked_risk,['max_drawdown_pct=21.80']
ETH,99.99999999999913,True,40.0,63.91781763341732,25.453466741614143,0.25,0.5,0.0588,4,pos0.5_dd0.25,['max_drawdown_pct'],0.09001630689161857,5.0,7.989752253356869,True,ema_crossover,trend_ema_donchian,1d,2.828915215062011,64,15.9795,blocked_risk,"['max_drawdown_pct=25.45', 'safety_stop']"
ETH,99.99999999999916,True,40.0,39.604903090989694,22.459734506735714,0.25,0.5,0.0,0,pos0.5_dd0.25,[],0.161982581874194,5.0,4.950646117055413,False,donchian_breakout,trend_ema_donchian,1d,8.836717999412304,38,9.9012,blocked_risk,['max_drawdown_pct=22.46']
ETH,99.99999999999999,True,40.0,106.33783840685273,14.505713657812558,0.25,0.5,0.0,0,pos0.5_dd0.25,[],0.05795756606627678,5.0,13.292199384734516,False,rsi_mean_reversion,rsi_bollinger_mr,1d,1.1848337544453558,99,26.5845,blocked_costs,['cost_drag_pct=100.00']
ETH,99.99999999999943,True,40.0,67.32344112734376,19.23366165665709,0.25,0.5,0.0,0,pos0.5_dd0.25,[],-0.2896075828839089,5.0,8.415360821851749,False,bollinger_mean_reversion,rsi_bollinger_mr,1d,-14.623606396026595,75,16.8309,blocked_risk,['max_drawdown_pct=19.23']
ETH,99.99999999999882,True,40.0,20.06106794629783,2.255402077944649,0.25,0.5,0.0,0,pos0.5_dd0.25,[],0.27933532788113974,5.0,2.5076466317682105,False,atr_breakout,breakout_atr,1d,2.9985210597652667,20,5.0153,blocked_costs,['cost_drag_pct=100.00']
ETH,99.99999999999875,True,40.0,93.29227399627597,18.010274881805266,0.25,0.5,0.0,0,pos0.5_dd0.25,[],0.04484941117866958,5.0,11.661560452224478,False,trend_following,trend_ema_donchian,4h,-0.014306898621362052,114,23.3231,blocked_risk,['max_drawdown_pct=18.01']
ETH,99.99999999999926,True,40.0,105.7017686165169,20.086005090791115,0.25,0.5,0.0,0,pos0.5_dd0.25,[],-0.24965568322341988,5.0,13.212731260023645,False,breakout,breakout_atr,4h,-7.818265731792359,130,26.4254,blocked_risk,['max_drawdown_pct=20.09']
ETH,99.99999999999983,True,40.0,168.14664468248176,24.97304276845952,0.25,0.5,0.0,0,pos0.5_dd0.25,[],-1.0028696751147004,5.0,21.018287703852295,False,mean_reversion,rsi_bollinger_mr,4h,-20.73784930257884,235,42.0367,blocked_risk,['max_drawdown_pct=24.97']
ETH,100.00000000000453,True,40.0,3.396139164328235,14.223746207484847,0.25,0.5,0.0,0,pos0.5_dd0.25,[],0.09737489292350994,5.0,0.4244926443626156,False,grid,grid,4h,1.4333479274415482,9,0.849,insufficient_trades,['trade_count=9 < 10']
ETH,99.99999999999991,True,40.0,114.26321942820039,18.08240029624894,0.25,0.5,0.0,0,pos0.5_dd0.25,[],-0.06459088496536493,5.0,14.282927144416021,False,ema_crossover,trend_ema_donchian,4h,-2.968257584966568,142,28.5658,blocked_risk,['max_drawdown_pct=18.08']
ETH,99.99999999999996,True,40.0,101.23931989739691,18.83446160054904,0.25,0.5,0.0,0,pos0.5_dd0.25,[],-0.15787347055843448,5.0,12.654929649548535,False,donchian_breakout,trend_ema_donchian,4h,-5.524474828058771,124,25.3098,blocked_risk,['max_drawdown_pct=18.83']
ETH,99.99999999999967,True,40.0,133.01881529121385,30.06380381177964,0.25,0.5,0.7665,627,pos0.5_dd0.25,['max_drawdown_pct'],-1.4202622106791112,5.0,16.627289820151958,True,rsi_mean_reversion,rsi_bollinger_mr,4h,-28.09431290255352,191,33.2547,blocked_risk,"['max_drawdown_pct=30.06', 'risk_denial_rate=76.65%', 'safety_stop']"
ETH,100.00000000000031,True,40.0,155.19326018636565,28.005784859317973,0.25,0.5,0.6609,417,pos0.5_dd0.25,['max_drawdown_pct'],-1.1825274434322077,5.0,19.399141695172403,True,bollinger_mean_reversion,rsi_bollinger_mr,4h,-23.790488687444302,214,38.7983,blocked_risk,"['max_drawdown_pct=28.01', 'risk_denial_rate=66.09%', 'safety_stop']"
ETH,100.00000000000031,True,40.0,54.23968264674268,2.220518446525475,0.25,0.5,0.0,0,pos0.5_dd0.25,[],-0.1307945968723364,5.0,6.779974031139886,False,atr_breakout,breakout_atr,4h,-0.6218465213039395,68,13.5599,blocked_costs,['cost_drag_pct=100.00']
ETH,100.00000000000058,True,40.0,97.07334248822337,13.015520672152764,0.25,0.5,0.0,0,pos0.5_dd0.25,[],-0.632771182438015,5.0,12.134172621895303,False,trend_following,trend_ema_donchian,1h,-8.996404019255237,166,24.2683,blocked_costs,['cost_drag_pct=100.00']
ETH,99.99999999999999,True,40.0,100.04648720941917,10.522803551436628,0.25,0.5,0.0,0,pos0.5_dd0.25,[],-0.4109599336430366,5.0,12.505824913278161,False,breakout,breakout_atr,1h,-5.650390369871093,170,25.0116,blocked_costs,['cost_drag_pct=100.00']
ETH,100.00000000000082,True,40.0,191.89135984252982,23.164091892269205,0.25,0.5,0.0055,2,pos0.5_dd0.25,['max_trades_per_day'],-2.068462579352394,5.0,23.986417726422673,False,mean_reversion,rsi_bollinger_mr,1h,-22.489334100311133,360,47.9728,blocked_risk,['max_drawdown_pct=23.16']
ETH,99.99999999999977,True,40.0,5.716102644226914,11.40413364282061,0.25,0.5,0.0,0,pos0.5_dd0.25,[],-0.07783737992853708,5.0,0.7144898356516265,False,grid,grid,1h,-1.2731889497108113,23,1.429,blocked_costs,['cost_drag_pct=100.00']
ETH,100.00000000000038,True,40.0,117.39420508303228,20.073880934577364,0.25,0.5,0.0,0,pos0.5_dd0.25,[],-1.3076372799620897,5.0,14.674266443553876,False,ema_crossover,trend_ema_donchian,1h,-16.883576516108395,210,29.3486,blocked_risk,['max_drawdown_pct=20.07']
ETH,99.99999999999899,True,40.0,99.75851895172609,10.652503551742402,0.25,0.5,0.0,0,pos0.5_dd0.25,[],-0.45278032108027877,5.0,12.469827421727203,False,donchian_breakout,trend_ema_donchian,1h,-6.201729546777961,170,24.9396,blocked_costs,['cost_drag_pct=100.00']
ETH,99.99999999999982,True,40.0,202.66170068022046,25.20769146120631,0.25,0.5,0.6886,867,pos0.5_dd0.25,['max_drawdown_pct'],-2.782479323779347,5.0,25.33270727081046,True,rsi_mean_reversion,rsi_bollinger_mr,1h,-24.925126480177358,392,50.6654,blocked_risk,"['max_drawdown_pct=25.21', 'risk_denial_rate=68.86%', 'safety_stop']"
ETH,99.99999999999953,True,40.0,240.61689350245928,26.226096574750212,0.25,0.5,0.5069,479,pos0.5_dd0.25,['max_drawdown_pct'],-2.7810051814672305,5.0,30.077116971959043,True,bollinger_mean_reversion,rsi_bollinger_mr,1h,-24.955739137455613,466,60.1542,blocked_risk,"['max_drawdown_pct=26.23', 'risk_denial_rate=50.69%', 'safety_stop']"
ETH,99.99999999999946,True,40.0,64.5427814019404,5.896426506088372,0.25,0.5,0.0,0,pos0.5_dd0.25,[],-2.3654143995911197,5.0,8.067853054301764,False,atr_breakout,breakout_atr,1h,-5.109439380546519,110,16.1357,blocked_costs,['cost_drag_pct=100.00']
SOL,100.00000000000104,True,40.0,1.0005,67.02216073763881,0.25,0.5,0.9989,907,pos0.5_dd0.25,"['max_drawdown_pct', 'max_position_fraction']",0.28212235136459923,5.0,0.125,True,trend_following,trend_ema_donchian,1d,31.308432735723773,1,0.2501,insufficient_trades,['trade_count=1 < 5']
SOL,100.00000000000104,True,40.0,1.0005,67.5157553508636,0.25,0.5,0.9867,74,pos0.5_dd0.25,"['max_drawdown_pct', 'max_position_fraction']",0.2870233873697605,5.0,0.125,True,breakout,breakout_atr,1d,32.6996098084041,1,0.2501,insufficient_trades,['trade_count=1 < 5']
SOL,100.00000000000118,True,40.0,32.47446001412282,27.047225445806404,0.25,0.5,0.8522,196,pos0.5_dd0.25,['max_drawdown_pct'],-0.3711830937646807,5.0,4.059271252226537,True,mean_reversion,rsi_bollinger_mr,1d,-18.15318848964471,34,8.1186,blocked_risk,"['max_drawdown_pct=27.05', 'risk_denial_rate=85.22%', 'safety_stop']"
SOL,99.99999999999699,True,40.0,1.1798677688709658,77.60268231119416,0.25,0.5,0.7273,8,pos0.5_dd0.25,['max_drawdown_pct'],0.380821148975898,5.0,0.1474097662257492,True,grid,grid,1d,66.58740202816311,3,0.295,insufficient_trades,['trade_count=3 < 5']
SOL,99.99999999999791,True,40.0,2.6598710269739967,67.5157553508636,0.25,0.5,0.9967,919,pos0.5_dd0.25,"['max_drawdown_pct', 'max_position_fraction']",0.25941111771782793,5.0,0.3324087955333255,True,ema_crossover,trend_ema_donchian,1d,23.45016690438938,3,0.665,insufficient_trades,['trade_count=3 < 5']
SOL,100.00000000000104,True,40.0,1.0005,67.5157553508636,0.25,0.5,0.9865,73,pos0.5_dd0.25,"['max_drawdown_pct', 'max_position_fraction']",0.2870233873697605,5.0,0.125,True,donchian_breakout,trend_ema_donchian,1d,32.6996098084041,1,0.2501,insufficient_trades,['trade_count=1 < 5']
SOL,100.00000000000094,True,40.0,111.092624653538,23.306195173147213,0.25,0.5,0.0,0,pos0.5_dd0.25,[],0.05712248419810263,5.0,13.886610800066052,False,rsi_mean_reversion,rsi_bollinger_mr,1d,0.5894265270258074,110,27.7732,blocked_risk,['max_drawdown_pct=23.31']
SOL,100.00000000000047,True,40.0,78.24959891648398,20.922141035460925,0.25,0.5,0.0,0,pos0.5_dd0.25,[],0.053572017457447954,5.0,9.781222699618326,False,bollinger_mean_reversion,rsi_bollinger_mr,1d,0.3309414908020926,78,19.5624,blocked_risk,['max_drawdown_pct=20.92']
SOL,99.9999999999997,True,40.0,12.422369383926181,3.5412835484864282,0.25,0.5,0.0,0,pos0.5_dd0.25,[],0.10098679493555793,5.0,1.5528024708914074,False,atr_breakout,breakout_atr,1d,1.121643099692585,12,3.1056,blocked_costs,['cost_drag_pct=100.00']
SOL,99.99999999999962,True,40.0,121.9555368101862,14.498976167399425,0.25,0.5,0.0,0,pos0.5_dd0.25,[],1.031966706987759,5.0,15.244612127871449,False,trend_following,trend_ema_donchian,4h,54.29062499346963,98,30.4889,blocked_costs,['cost_drag_pct=100.00']
SOL,100.00000000000067,True,40.0,142.0942850919262,20.80313914937181,0.25,0.5,0.0,0,pos0.5_dd0.25,[],0.8251133179595911,5.0,17.761928027548407,False,breakout,breakout_atr,4h,40.970802580281656,118,35.5236,blocked_risk,['max_drawdown_pct=20.80']
SOL,100.00000000000075,True,40.0,196.94915281894814,19.95307262074401,0.25,0.5,0.0,0,pos0.5_dd0.25,[],-0.4349300211503751,5.0,24.61862608053886,False,mean_reversion,rsi_bollinger_mr,4h,-12.75438575585031,255,49.2373,blocked_risk,['max_drawdown_pct=19.95']
SOL,100.0000000000023,True,40.0,3.05019873136174,3.39130635225898,0.25,0.5,0.0,0,pos0.5_dd0.25,[],-0.8998685807639035,5.0,0.3812672461377815,False,grid,grid,4h,-3.38125956196925,8,0.7625,insufficient_trades,['trade_count=8 < 10']
SOL,100.00000000000036,True,40.0,149.07383629255747,15.492535530621163,0.25,0.5,0.008,1,pos0.5_dd0.25,['max_daily_loss_pct'],0.8977956519237625,5.0,18.634385672327966,True,ema_crossover,trend_ema_donchian,4h,45.68348197983157,124,37.2685,blocked_risk,"['max_drawdown_pct=15.49', 'safety_stop']"
SOL,99.99999999999969,True,40.0,139.1284502834061,21.398379972423818,0.25,0.5,0.0,0,pos0.5_dd0.25,[],0.8119559481658538,5.0,17.391195193512516,False,donchian_breakout,trend_ema_donchian,4h,39.9112709820223,116,34.7821,blocked_risk,['max_drawdown_pct=21.40']
SOL,100.0,True,40.0,168.1924281305324,22.360282972197087,0.25,0.5,0.0,0,pos0.5_dd0.25,[],-0.5034076849745898,5.0,21.02402405750314,False,rsi_mean_reversion,rsi_bollinger_mr,4h,-14.318490711504309,223,42.0481,blocked_risk,['max_drawdown_pct=22.36']
SOL,99.99999999999953,True,40.0,190.31436478755506,17.65135826600272,0.25,0.5,0.0,0,pos0.5_dd0.25,[],-0.29343971211088604,5.0,23.789283586049947,False,bollinger_mean_reversion,rsi_bollinger_mr,4h,-8.863368890795288,247,47.5786,blocked_risk,['max_drawdown_pct=17.65']
SOL,99.99999999999886,True,40.0,53.04927787267272,7.435682772856146,0.25,0.5,0.0,0,pos0.5_dd0.25,[],-1.7214078399210466,5.0,6.63115825671062,False,atr_breakout,breakout_atr,4h,-6.558992705420668,68,13.2623,blocked_costs,['cost_drag_pct=100.00']
SOL,99.99999999999879,True,40.0,104.2773098807447,14.240383608670074,0.25,0.5,0.0,0,pos0.5_dd0.25,[],-0.388328403594829,5.0,13.034674751699043,False,trend_following,trend_ema_donchian,1h,-7.3245553689159015,174,26.0693,blocked_costs,['cost_drag_pct=100.00']
SOL,99.99999999999967,True,40.0,104.54814884405667,20.147644850997057,0.25,0.5,0.0056,1,pos0.5_dd0.25,['max_daily_loss_pct'],-0.61950189308732,5.0,13.068520794367743,True,breakout,breakout_atr,1h,-10.886122112801763,178,26.137,blocked_risk,"['max_drawdown_pct=20.15', 'safety_stop']"
SOL,100.0,True,40.0,183.48018450628217,25.198985670456807,0.25,0.5,0.2019,86,pos0.5_dd0.25,['max_drawdown_pct'],-1.9689119635771053,5.0,22.935014761739595,True,mean_reversion,rsi_bollinger_mr,1h,-23.96213722329703,340,45.87,blocked_risk,"['max_drawdown_pct=25.20', 'safety_stop']"
SOL,100.00000000000082,True,40.0,6.527263258555632,10.107674245551133,0.25,0.5,0.037,1,pos0.5_dd0.25,['max_trades_per_day'],-0.08055407374848791,5.0,0.8158736640754896,False,grid,grid,1h,-1.8222484123555889,26,1.6318,blocked_costs,['cost_drag_pct=100.00']
SOL,100.00000000000114,True,40.0,103.85507963669983,19.042631144479312,0.25,0.5,0.0,0,pos0.5_dd0.25,[],-0.6415238040425953,5.0,12.981886133615063,False,ema_crossover,trend_ema_donchian,1h,-11.212084941852117,176,25.9638,blocked_risk,['max_drawdown_pct=19.04']
SOL,99.99999999999906,True,40.0,101.03162165954497,20.14724812675197,0.25,0.5,0.0057,1,pos0.5_dd0.25,['max_daily_loss_pct'],-0.6845155459616276,5.0,12.628951581969716,True,donchian_breakout,trend_ema_donchian,1h,-11.816246145281935,174,25.2579,blocked_risk,"['max_drawdown_pct=20.15', 'safety_stop']"
SOL,100.00000000000027,True,40.0,244.2362397969316,25.12264145011179,0.25,0.5,0.5215,510,pos0.5_dd0.25,['max_drawdown_pct'],-2.0146787621570086,5.0,30.529537952363782,True,rsi_mean_reversion,rsi_bollinger_mr,1h,-24.28547743978198,468,61.0591,blocked_risk,"['max_drawdown_pct=25.12', 'risk_denial_rate=52.15%', 'safety_stop']"
SOL,99.99999999999962,True,40.0,257.5847946206705,26.854427551976357,0.25,0.5,0.4504,395,pos0.5_dd0.25,['max_drawdown_pct'],-2.2646818225111254,5.0,32.19811051070462,True,bollinger_mean_reversion,rsi_bollinger_mr,1h,-24.505040850739828,482,64.3962,blocked_risk,"['max_drawdown_pct=26.85', 'risk_denial_rate=45.04%', 'safety_stop']"
SOL,100.00000000000023,True,40.0,50.24237096229394,5.567077115037989,0.25,0.5,0.0,0,pos0.5_dd0.25,[],-2.015013265126364,5.0,6.280296583260167,False,atr_breakout,breakout_atr,1h,-5.567077115037989,86,12.5606,blocked_costs,['cost_drag_pct=100.00']
